0.0755349170500882
-0.0713601287820371
-0.101643055356107
0.187069470052736
0.0664333912047079
0.115523716439225
0.0990262317074812
-0.0103319678194222
-0.0592527862607688
0.0842717390214057
0.0122907670167564
0.114392838299029
0.0101948902622191
-0.0359221270498061
-0.0237164868393392
0.0173388384418628
0.0418188344650778
-0.0234543030145648
-0.0283591216603256
-0.0115557194774881
-0.171433761832689
-0.0197326686852713
0.0100167911189118
-0.109707272823477
0.00188813204308184
-0.0348879602383324
0.0742652672443119
-0.136502993027632
0.00531342772856979
-0.0519526482827248
0.00414122840926327
0.0669055242115424
0.0191507497613269
-0.0555224277246695
-0.07827807129781
0.0264031308638072
-0.0646161534154861
0.0492038201145317
0.00696581685317786
-0.00852884769944205
0.0490513299566429
0.0128177360997482
-0.187965095385893
-0.0222340971158951
0.0452694508727366
-0.0287474646536601
0.0770316859166115
0.0191232074523537
-0.131571343522003
0.029410794430527
0.0383417457625046
0.0135184871120942
-0.0768074760266354
0.0512095454337712
-0.0232540374196572
0.0376922803801588
0.174332382192356
-0.0544410024410015
-0.0493684711142907
-0.0585731163974267
0.207625561789191
-0.0459059761371161
-0.0453039301261448
-0.0309739025652299
-0.0715560849989683
0.152092078798499
0.0825805252840051
-0.0317554196299778
-0.0195672843382022
-0.0657244220460421
-0.118119560233018
-0.05415722979987
-0.0998615231367667
-0.160129700460942
-0.113405064831532
0.0578239102931331
-0.076396306895534
0.0830274512257321
0.0199295361557338
-0.100236304338777
-0.0843012322788962
0.105660451530621
0.0329732687820985
0.0198777693106354
0.102427314491659
-0.018791282992551
-0.00526071750949738
0.079149495281501
0.082930331208744
-0.105938115953415
-0.0938456931430373
0.0594759436121373
-0.0649721488135456
-0.0546596149089986
-0.0298371751125797
0.11349480878975
0.0320639654066465
0.082556933002865
-0.0900681221969786
0.133077312198841
0.180932502358595
-0.232593082767749
0.0841594469342771
0.140710816155903
-0.0796703476336887
0.185540317834247
-0.020481635508662
0.0714997046421448
0.0109732381708296
-0.0071730269126294
0.156776370329638
-0.114623801427304
-0.0771341163628581
-0.139784636447748
0.119515216262352
-0.091986111565124
0.23979798774122
0.0356680096914315
0.0918352456694173
0.0031677416402315
0.03072802441835
0.00805500481406882
-0.10653637337208
0.128252678740918
0.0222746941440973
0.0900367039504154
-0.0613135244329272
-0.0283405533779229
-0.14367255689686
0.0991831953386318
-0.106806858544596
0.0452934503489146
0.113240713927042
0.0238795848649422
0.0355750491375311
0.0463753752943806
0.0934102810794614
0.0577077716361541
-0.0686818987091725
0.0376984437728392
0.0442861750438026
-0.000865749922091145
0.0134814584960264
0.115412843754281
-0.0102605104970875
-0.0235778508465213
-0.00510840580639213
-0.109943541269229
0.061925738961708
0.110012442260081
0.0845942452998162
-0.0767473339129651
0.0447620637864315
0.109366258682268
0.0812879102374076
-0.145640266070907
0.156206375746193
-0.182217344689692
-0.0199900021136358
0.0747115395054245
-0.0612578433508871
0.0766133932606265
0.0859004781836613
0.0464666542764656
0.0913135542658439
-0.00848299073164244
-0.00674390629120629
-0.158172258548581
0.0243941042739651
0.00203777339571164
-0.109302134688517
0.196863474254691
-0.0731263747397777
-0.0317475283532453
-0.0406768193424021
0.157437091917825
0.0359194018970672
0.0125588940928172
0.00614261874048228
-0.140105438286898
6.12684601011271e-05
-0.0462181201709049
0.0246355089409148
0.0223899554327104
0.0317624228718238
-0.161612025008742
-0.00173716244711721
0.171882638258478
-0.0793365028301811
0.0245761197820377
-0.148728575145694
-0.0536852255699759
-0.107962302652223
0.0563675191020354
-0.112546075590805
0.087868918039895
0.0195183718018266
0.0163001580479915
-0.065189809347182
-0.0142154922707625
-0.0972638905110866
-0.2456860300778
-0.0143031828292336
-0.00992719280199
-0.116528553520908
0.14483429294705
-0.00381813266334222
-0.131254211330822
-0.0509714251451217
0.00276489789997304
0.125771634412823
-0.0840776656627197
0.0467338593273687
-0.0414808209058221
0.0120110608344482
-0.0611962791210528
-0.03488286460777
0.0601493777182885
0.0266662979994813
0.119872332849353
0.0569865683684217
-0.110919234846843
0.0802086470170652
-0.000875317028463012
-0.250313483899921
-0.171084424605977
-0.00882440459456543
0.0201561294198923
0.0539652867290832
-0.0560148636668588
-0.0404633269923215
-0.19630638284538
-0.0646133398172862
-0.0502479052140018
-0.0558456332423672
-0.0153702846164851
0.0195225969169604
-0.0796757711674234
-0.116131820249782
0.0266022026707811
-0.125746821930495
0.0345719497773676
0.128754210799711
0.0835631435949526
0.0789482644748096
0.150271648335581
0.074455713081718
0.206492571086718
-0.0365266316964719
-0.00962972095806293
0.0261717998968498
-0.0713820399842099
-0.03170473289288
-0.0267143222519264
-0.00267272402117879
-0.170137829171809
0.00235520151629151
0.116327015537634
-0.0239942815267113
0.00908093284527039
-0.0784502939376056
0.132738960615643
0.0629844650756228
0.00864529574237736
0.0573655352861183
-0.126970032379006
0.0680261535998422
0.231024771671511
0.00528748617705039
0.0590254199951953
-0.131205268845878
-0.148122368558287
-0.109850747454011
-0.00182282656145937
-0.064342615166513
0.0128059332051118
-0.07166513078154
-0.143525666724773
-0.244751781728546
0.0850480641670576
0.0810886113022416
-0.0939839949361709
0.157626543359645
0.0378014713390418
0.0918676357740588
-0.122426827031038
-0.0504078632387895
0.0894048079635795
-0.0451735445997181
-0.0560363894305708
-0.0929101774555837
-0.0449124623754532
0.0910494912122867
0.0432182361449028
2.24892205322562e-05
-0.0140322071658128
0.0479612421942247
0.236788091458936
0.0266048097355808
0.00626519029980316
-0.00658730043079748
0.001452527736814
-0.108633624790651
-0.105604819431489
0.142664721443158
0.0186261740858337
0.0834148656408846
0.0596584927063571
0.208947561465633
0.0220675869990814
-0.0343677206759878
-0.143821800115178
-0.0871193270455295
0.0182970782270649
-0.115919241067516
0.110799561671786
-0.0467789495619877
-0.177088524087522
-0.0579517802480672
-0.0658308591181982
-0.0119075634218254
0.0478910257625204
0.0167342680793334
0.0806868440465499
-0.0377163143324806
0.0620274856607033
0.0780050101645974
0.0358022567857941
0.0490737208797068
0.0194292313263346
-0.0555796863800823
-0.0774833638753089
0.144981326983583
0.0170077383223667
0.124708443710808
0.00124806759274532
-0.00876061189500216
0.0183737790908435
0.0414108857061275
-0.0207058700808859
0.00998188155879216
0.0841252863963476
-0.00730053210491136
-0.0469116077234949
0.0518437566290066
0.0169441526057903
0.129832510161871
0.0940268515701627
-0.00537969355805786
-0.0580617534874412
0.102575371405585
-0.0550214321454347
0.0454084107741188
-0.0860437855222042
0.0385712874492407
0.0226224339359588
-0.139900021222264
0.0229089134338036
-0.0396244734923423
-0.142294758994184
0.146240772235184
-0.176475536503295
-0.046523543910911
-0.0510239822318799
0.0309620004206135
0.00129958453883291
0.0500481181201906
0.00805886161255741
-0.0591726876638532
0.0621651427499432
0.167637840348884
0.12014710054094
-0.0720128745843081
0.0396071374158461
0.0653003108118126
-0.0796207444645194
-0.077867590599394
0.103522712495286
0.0922436011939389
0.0806942603311383
0.102631255310817
-0.00295293561586912
0.0584358751037774
-0.0820130127565324
-0.0107064673577589
0.0288839834944428
-0.0880972567032797
0.0672407864223413
-0.119426824159501
-0.0215362077953317
0.0889508977117554
-0.0492396170861063
0.0409646241825236
-0.0236278325476483
-0.0113666785832058
0.000734522853745569
0.0875140256956818
0.00487554949139501
-0.0407687974736396
0.0148087740212799
0.0314027247986163
0.0700403057343282
-0.0428682696346834
-0.00471185502565591
0.108566959835959
0.0695374070977449
-0.0172165097431559
0.02141750592737
0.0878908386167707
0.0296391223565763
-0.175413170468019
0.0115990203441215
-0.00345652158605034
-0.0474372406641793
-0.0578415361612812
-0.0243837478676561
0.150072061979976
-0.0780415714103905
-0.0214878546342729
-0.0121849512994137
0.0344501360451379
0.00128846708801182
0.0287605544442515
-0.070654468916729
0.00851609439185606
0.0606035388740381
0.0437181340742291
0.0961674121331763
-0.00935972891186443
0.00232093371618668
0.0381982082101157
0.0934613981503758
0.0203104441649103
0.0015350635127428
0.0837893837368269
-0.0762203142578
0.0393642952328507
0.0284435786403549
0.0180673391744378
0.0795860972440677
-0.0634750217537854
0.0701889202865485
0.0502143256173025
-0.0298271398574813
0.092710198253053
0.00342468983549817
0.0172817018138935
-0.127409233535026
-0.0316264165622132
-0.0384673748749319
0.00760253310393706
0.10188442187846
0.0965651094639327
-0.056119117581073
0.0931076181816821
0.118090932660978
-0.119904631696522
0.0605373743983469
-0.0964448197482605
-0.0595895055590262
0.0787111378223449
-0.0598300993460052
0.12750093708507
-0.0679149351602515
0.0138990134364559
-0.0397836784613653
0.0508498037074645
0.0429145282038257
-0.0167060438295641
0.0114101649662959
-0.0352897465382444
-0.255605795800972
-0.0366618062427045
-0.0171043782038149
-0.0425083581956207
-0.0458059615253759
-0.045253961325216
-0.0736140018926781
0.107347109427279
0.172463180870992
0.00256238229267703
-0.0830049161947177
0.0740311067466136
0.1482271194988
0.0773703214920831
0.0241534044469513
0.00674997894871032
0.064475713267551
0.0482052863681452
-0.0186574327354897
-0.0204871586266058
-0.0973944986027493
0.0185664497619975
0.016527139338632
-0.0341034865388127
0.020726605664098
-0.00131304518124576
0.0377660268188344
-0.185820839907251
-0.169166589244372
-0.101881197242565
0.0486840839966069
-0.0529498518907455
0.0701935093401987
0.0723334002273187
-0.114994116240405
-0.119697957663173
-0.0077737817557805
-0.0321493403677855
-0.160424008511238
0.019767530252523
0.120988191991285
-0.144188749454089
-0.185860638092219
0.00474629405436778
-0.167580716213139
-0.0496003579698228
-0.00319266035156663
0.0654124162581032
-0.0765830643557145
-0.0139681163954146
0.0353989370801393
0.000115289980511489
-0.0850067518768282
-0.0145181417596071
-0.137525093418678
0.0568683075831553
0.0131070640244732
0.145697789728939
-0.0363906185097674
-0.0766136655680888
0.0625682442591493
-0.116865281100134
-0.0338933645390944
-0.0794904568232044
0.0666072344901581
0.104143258151765
-0.0576289208081433
0.0220208663422471
-0.103358768379497
0.119415415064519
-0.0139506558394955
0.0376312825104024
0.187991266165474
-0.0569086241168591
0.0548409198176965
0.101698153216414
-0.0809167717092132
-0.00406392143554924
-0.0518146795908168
0.029772904926108
-0.0415709760517946
0.135926267051854
-0.0445757642231112
0.00203618315168044
-0.0930630451718775
-0.0401194027861544
0.0578603939166796
-0.0451191348107296
-0.119289077223269
-0.0933870608799263
-0.0340946352467861
0.0142389681990205
-0.00692780703305168
0.149513187976151
-0.00775764965670662
0.18282066681552
0.0158899486286027
0.139650277183009
-0.0855878301714428
0.0574981127884311
-0.0853033614001747
-0.0981496976164435
-0.128674916526045
-0.000778945400189609
-0.0300120588991372
-0.00441441088872682
0.0724707806364558
0.0247281693515871
0.0262197508760262
0.135846755060663
0.137018312975569
0.0333237934115894
-0.0819636456847296
-0.0692801007032844
-0.174065882673681
0.127171106093316
-0.0973214060756045
-0.110892413433124
0.020833841488187
-0.272317244012779
-0.12398521167912
-0.0196180840148065
-0.0686954243268995
-0.0881725255695415
0.159409623212946
-0.0822397511955885
-0.0637930329446077
-0.0327958838607563
-0.159960306010458
0.153609990296427
0.0602555853545468
-0.0402157476353165
0.00210040459512524
0.00207959552647308
-0.0339327018166356
0.0122210662251829
-0.0358413872824079
0.13468184826992
-0.0856456503322848
-0.094517556051591
-0.0491134090744701
0.0343438972011471
-0.014544777643471
0.0152814085754813
0.00658624558544069
0.0218214274849163
-0.122094367150162
0.0435576547101851
-0.0357984914239685
0.0273919260071153
-0.00246197514673452
0.0379293295797054
-0.0908115299726353
0.031407855301597
-0.115084914224719
-0.0211212166803227
-0.0255627506006543
0.11232338711531
0.031299236331543
-0.0624018633851886
0.0853535208234376
0.0289736684421578
-0.0852945352032378
-0.074357856034209
0.0502262017271345
-0.0402021234627969
0.150969343817717
0.0130307691653185
-0.0552852483298773
-0.0405147162315578
0.146692741706058
-0.0244740525662934
0.112164971660497
0.0416117996296798
-0.00854244096908332
-0.0676680003469894
0.0598555063559328
-0.00359437710863215
-0.0623823617202121
-0.0103852121155394
-0.0463504796079997
-0.237000377374411
-0.149782012466568
0.0158804335951607
-0.0347701536840091
0.00351811946325833
0.061583758539067
-0.00894369451516074
-0.0200210888234834
-0.0436530131991479
0.136708899524218
0.00408855747636774
-0.00716045720437571
0.0970332611834077
-0.0351819951669278
-0.0381777529528932
-0.0271411822325131
-0.120832815030285
0.0599579220365678
0.00130287425867848
-0.0207356455274338
0.00521349611270156
-0.0784800275020709
-0.10732795776818
-0.0304049699727461
0.0142541340331327
0.00563487081219467
0.116290706326355
0.0266669607707
0.0411904404826532
0.207674893358328
-0.0560683645173799
0.103590503249105
0.0808523808014576
0.166630501491087
0.0573678062410855
0.0351060229079993
-0.152987262666803
-0.15420245645417
0.154165762385731
-0.0931716567677897
0.0868894276132678
0.0152683311358746
0.0708482498968599
0.0340861876237495
-0.0449356208484142
-0.0279331212293241
0.0616178989617927
0.180836484860769
0.113377333653566
-0.206301234958562
0.10234593306697
0.0290454049956326
-0.0273543916964711
-0.028572660262073
-0.0668216815924358
0.139292412783023
0.0466064897268502
-0.0112250271385098
0.0821970714304526
0.121083830033927
0.020702693089206
-0.0148966598688675
0.0209759445253716
-0.16687360098263
0.0257015756617876
0.10229343148564
0.0458831578453607
-0.0632263108736389
-0.0363615269479989
-0.0206481022078724
-0.0755788329861506
-0.0244135422459717
0.0127860883529132
-0.00248333905791254
0.0114053482565578
0.0662700680313564
0.030439493620985
0.113040895299087
-0.124502594166935
-0.104169102131178
-0.0693931772206504
0.0189569518877567
0.131963339633001
-0.0561614087491288
0.0369788795496383
0.0728050098893197
-0.0909356508428388
-0.00128337644524429
-0.0248068245209145
-0.0215910712688301
0.0809293459925448
-0.00983966024307021
0.0627233387311573
-0.0806203719852097
0.0974865224978959
-0.018844660879902
0.0359798342266784
-0.0150767323951857
0.00200469531518554
0.0462380844641555
-0.137093094809134
-0.149117563741373
0.123830727790493
-0.00864437241671533
-0.114019555364002
0.168054613331167
-0.154700590661263
-0.0213786674043869
0.0547530767278638
-0.0396749068402224
-0.0199924559946821
-0.0563738538827147
-0.0144492244682112
-0.0572876521301383
-0.143999670841391
0.035639749548473
-0.0212803764911381
0.136271553021017
0.0860936506306532
0.173072584258933
0.111798083134459
-0.14131386385838
0.0139809070690969
0.0282659687575988
-0.0143208654033022
-0.0368787072318421
0.0488793744682563
0.0667711334222545
0.159440162471982
-0.138328019179676
-0.14593721191477
-0.0352112456332542
-0.106307420902386
-0.0134605410741118
-0.0254681808855428
-0.033402063168386
-0.0667561152072912
-0.0869326684762017
0.0522816638921528
0.142278065713888
-0.013043410808632
0.102780798182665
0.0874909411313987
-0.0519924845982113
0.00612999117907614
-0.138120768914973
-0.0242847838112693
-0.113954154671132
0.241353666743717
0.0427330555905591
-0.012038022618235
-0.152724814169066
-0.0467197330274225
-0.221409525631094
-0.040474462590907
-0.0381918655009712
0.0677885458781586
0.0976484082345058
-0.079929621731481
0.12819823943863
-0.0589261806068217
0.0270545614966823
-0.00387500677639622
0.0164305303555457
-0.0845237550216877
0.0779627716557593
-0.0710887591100437
0.0863787416296971
-0.0530489780512615
-0.00697782449930615
-0.062342382650585
-0.0511938557837124
0.0415290641442034
-0.0387409276202429
-0.0991352125325906
-0.150545101441069
0.0143332128146942
-0.0245476969621032
-0.0124399300722615
0.126573916430373
0.0534643586409419
0.127853957234163
0.0953287191819458
0.0434235479920437
-0.0257940326763902
-0.0121455465867698
0.116042247871034
0.0919071170736905
0.00140604499558446
-0.0245007669080244
0.00249596232812836
-0.119518884411373
0.0122491666702782
-0.0194588467457336
0.0657139587989423
0.00991713274973438
0.0628557917528112
-0.219490916030906
0.00183635623323487
-0.0894441831901817
-0.0838841059399277
0.125207155008407
0.0390524713213376
0.0620859267594122
0.0383894190621314
0.0399131895698997
0.116148729909993
0.0384491258617618
-0.120262141826157
-0.0822530365507313
-0.266542937810414
0.0563711240993996
0.0415423381023492
0.0577797096042363
-0.0609459053176697
0.0320765438932716
-0.0134858640461615
-0.0266248647225236
-0.026363606679649
0.00650510526392843
-0.0309474066822515
-0.0519318110168421
-0.0234820575330282
0.116817516178963
0.0168538577978689
0.124454171436016
0.0541924051618112
0.0909610716408523
0.182459066277238
-0.0350556235726132
0.0463871497429948
-0.00459463397549031
0.0816310809107141
-0.0334084531153088
0.0534193990196271
0.0689147052003267
-0.160592756376701
-0.202423576110937
0.186002463113999
-0.0355218249566867
0.104390820146318
0.0779382836636882
-0.0575169985860873
-0.143349199463336
0.133280511031972
0.118299230709511
-0.0158503396942059
-0.213653895595262
0.124791606923131
0.0796921340059949
0.0532088331255018
-0.0657336023538555
-0.0715092338366592
0.140067329317521
-0.0436803410047731
-0.0447145441517219
0.0687582381950388
0.0279418890018702
0.0498942091114997
-0.110880772027228
-0.167109520250774
0.0935853040168804
-0.0377015671654397
0.00296537390065288
-0.104945767886427
-0.0547900351382156
0.102018223926043
0.11792736571013
-0.0162194185330445
0.0479834867508347
-0.0578071363278503
-0.00403838114297292
-0.000767336622847267
-0.0326003815543652
0.0283285329422321
0.20451420359768
-0.164494987511025
-0.0738983878656012
0.0660363917703708
0.123874765233541
0.120724774191965
0.0761007485364333
-0.127182105839921
0.0745597419979177
-0.0325347186349463
-0.237952761016332
-0.115509136094937
-0.0802553955523616
-0.0200074013167838
0.0363377832730331
0.069306498901101
-0.0450413150844899
-0.203294334912911
0.0641038267591962
-0.0770190037562491
-0.112895409811536
-0.113077511857505
-0.0188166162917892
-0.0266725842588039
-0.125781286549622
-0.0624448479161575
0.0862117995969714
-0.0098736731556756
-0.105975179965383
0.0679039539776687
-0.0873537390470474
0.104168021013294
0.0298354747156724
0.0628527365104827
0.104174538941047
0.100481344848799
0.0501753316203258
-0.0878504500112784
-0.027448374662812
0.00755208256378708
0.0556791524264252
-0.118169831820723
-0.0144356816659932
0.0424767611713473
0.0964981982727405
-0.0290055098160967
0.0666298813218654
0.0402678898567299
0.0140794362568128
0.0212158901924738
0.165432909547658
-0.0672038839054506
0.124566593447032
-0.0173410238433827
0.101246343345251
-0.0352166819311046
-0.0903629928322856
0.0328652944160425
0.0808527705129912
-0.0701373339936038
0.0727695435721172
-0.0637997908428327
0.00146115903486815
0.0146030070046544
0.0914775870075075
-0.0305126415387779
0.0117418796851398
-0.0740743327240077
-0.0154042955739554
-0.116992737380747
-0.0023908984038522
-0.102199241325066
-0.00123503106737146
