0.0748911314233885
0.54340229539437
-0.220695605925129
0.0348027264016196
0.0856376364660199
0.427750087200508
0.487036614978649
0.147972983041561
-0.219951828804343
-0.00699551736623047
-0.0571178713061377
0.316173946829023
0.174333378023452
0.0716965250803969
0.052479870119415
0.430560774299788
0.235838471123496
-0.415463235704816
0.0662796387900679
0.207759638734504
0.509642586985428
-0.160365554791027
-0.179504471207664
-0.319322986527575
-0.3946660391829
-0.178339992426751
-0.272838408088361
0.127626456969123
0.424575586211167
0.205763054742613
-0.390312132615222
0.242961398797705
0.317199394535881
0.0439988119248162
0.219956433270477
0.439814445726359
0.167986203911608
-0.0407291364565328
-0.0622474161127103
-0.27956066239299
-0.0711719244845513
-0.0319965643368868
0.275892125180434
0.396391471670672
0.0408387881655314
-0.376850922930358
-0.609016412866397
0.224328929500764
0.228107944777261
-0.305559307666325
-0.101747446613759
0.327297897193089
-0.132644638393476
-0.101980087130322
0.268094887632699
0.608231052491504
0.373409981270413
0.0818118426784141
-0.0310921813246512
0.326160556089922
0.211016053029369
-0.291839657409374
0.115726460465723
0.291067177956011
0.0247916643890592
-0.484856058296777
0.102194190907367
0.12247329720078
-0.561289270447925
-0.345028985357639
0.484505302193597
0.389067032993603
0.100379432008572
0.28012093515019
0.042228872550456
0.11471176845915
-0.275570628420277
0.0948689069296306
-0.0184160938921077
0.451725601723368
-0.400320541896623
-0.199308713671264
-0.371640550508795
0.368159892446745
0.750630746798154
-0.000864673686942465
0.409643479667984
-0.276106695902208
0.0435992153027094
-0.30928997368836
0.0498382894134078
-0.0131123667513853
0.111961973850466
-0.299267975649783
0.0351483469215403
0.0754076138044515
0.544717882001189
-0.325650335256502
-0.243034783885475
0.384832719575099
0.0980526763993061
0.00493210569853503
-0.0506064765830992
0.203169170582805
-0.249321017443683
0.464936900512799
-0.440649461094927
-0.0656751829330761
0.415598370639251
0.0113171069836851
0.378156706017611
0.48946035020825
-0.0503972036012434
-0.266448698668327
-0.0267137521415264
0.440788218506513
-0.029244186322956
0.162587625847922
-0.261963065269633
-0.20882456923213
0.490207095403457
0.350886202174152
-0.194229925713878
0.129950147649504
-0.271792394784607
0.169013634298014
0.0600341849149033
0.0484460358957582
0.243433626864663
-0.0174147100906806
0.381313284204871
-0.335392823471912
-0.676402694293828
0.0233301871540111
0.200825377763633
0.167829402703583
-0.205469785964843
-0.305453221890884
-0.0731641716517358
0.521148073693595
-0.0148645591102953
0.172605789102626
0.134202161177948
-0.174413357146461
0.0276068630780301
0.0575241508504729
-0.254642585271391
0.240235830602113
0.183693366080186
-0.157545552020642
0.325648263313824
0.547676853960365
0.197964610753428
-0.0691961106242627
-0.208124627891501
0.206988466170128
0.192410192042933
-0.0332086550468954
-0.294451239868484
-0.364733418237517
0.108805165605795
-0.452215553774425
0.309427868780745
-0.288104626565443
-0.0147766022470872
0.234077063349962
-0.183295748222324
0.341300769339935
-0.0868323366481306
0.172993624515839
0.138930319773045
0.22739177724095
0.0104513620953231
0.0667309845416802
0.209884568547359
0.238204397686697
-0.0640855022709217
-0.169186160859251
0.612367533343381
0.187374252599132
0.054165943809634
0.0756196735990914
-0.380098784782223
0.44588402800187
0.244315221008631
-0.199868087295897
0.183110958626521
0.058824376272733
0.211889714157099
-0.425222710541582
0.464710340017902
0.12587327372041
0.331042448691576
0.0899312914716027
0.0769767839320701
0.149020741730027
-0.38410144756266
0.0449439203201788
-0.658251894625947
0.226738635764832
-0.130414554295148
-0.0513649050428189
0.154462089108185
-0.152370726717434
-0.0455822093723914
-0.127076604452863
-0.122404806119097
-0.0382493040927672
-0.376309427105567
-0.59189107226696
-0.177324234232556
0.0435752973898369
0.219974185466003
-0.645626597898136
-0.339477958687986
0.384255760009461
-0.142449827477645
-0.060702213422141
-0.608668720791165
0.0263652483911219
-0.0764550442847894
-0.0131436280002541
-0.481837995586006
-0.405023112381093
-0.19254446429152
0.436755977193424
-0.306590013019751
0.0430826000113024
-0.000971919587895775
0.033464277313532
0.0490147738852983
0.071191168163106
0.118859991556368
0.0330985564814454
0.0382568762609345
-0.0100503968662562
-0.300569433100492
-0.665499305193998
-0.0113648097275511
0.179369069250903
-0.352051952273601
0.230614309261371
-0.0242307250669335
0.0715941616424688
-0.503074674360079
-0.220629739738741
-0.299939012687126
0.0913283877419024
0.212089872178633
-0.154473560592786
0.396891384468056
0.0117734095980312
0.303132744368999
0.113057188022496
-0.416586253520643
-0.175995111998722
-0.0613598411511184
-0.093063258545804
-0.102022919951405
-0.0946703903941847
0.395313497370733
0.630846723616709
0.148912460867325
0.115384615986724
-0.19014980836596
-0.288943633088686
-0.0145185058484621
-0.527371993175363
0.00029549874335731
0.241740607965751
-0.120116088217939
-0.149467733189609
-0.130210359292636
0.0737157504006561
0.185089168498348
-0.114324711710236
0.148470863089589
0.332212565581463
0.249304077506486
0.0981496305311548
0.0328742315951607
-0.175106943406934
-0.132797541611292
-0.00273444491006788
0.218220530095089
-0.155973058198301
0.124586925437317
0.252659927129853
-0.241483924413352
-0.138254953225633
0.272727034844361
0.162379437240028
-0.346422528502474
0.06801548857206
0.192538972169268
0.242682653599706
0.0220297650246053
0.0213615424370874
0.065984650397648
-0.0534458772638426
0.0833333656904659
0.188071824968506
0.40191719953941
-0.177869854473326
-0.11047291250447
-0.0326890265943613
-0.0160913112803079
-0.0278145978375564
0.310920149942573
0.214772268502528
0.0802383379234549
0.0729796710343283
0.0154895636080909
0.211939954052145
-0.479662191637085
0.0838258092218718
-0.121745943895458
0.122769439833415
-0.0317662776859251
0.241400670150762
0.467892167644537
-0.141814696604902
0.215606259744572
-0.194998910786975
0.307992184802565
-0.179190788510598
-0.008953292728476
-0.0275218838806403
0.235682276317934
0.323707738073937
0.492667744203876
-0.102307974674464
0.299304389656442
0.277016531920254
0.14064755343961
-0.225629607968136
0.156966083584984
-0.327607039020721
0.352778454242693
-0.151980512835578
0.259343378345811
-0.39366397574077
0.137131756908909
-0.180280590330492
0.401836350144085
-0.0213719917075294
0.0610551350652006
0.0850581036234434
0.000835530449454776
-0.107500723196313
0.449811332338012
0.463942511904301
-0.040678374218652
-0.216503193679485
0.408274854334679
0.0717592469189717
-0.10724434263632
0.236814066943605
-0.0964559878820846
0.490100168010382
-0.133405866307759
-0.176157935464016
0.154755809359657
0.0302218743120858
0.0665927006470724
-0.284430340037718
-0.00808987778273573
-0.160137685981209
0.0960648406792319
0.472194194924588
-0.106714556701738
-0.426904390467336
-0.59767903760873
0.774981448987536
0.214893449488217
0.155705689556211
0.0400326348684141
-0.259049402602114
0.186505128819406
0.118485427473391
0.258750606727647
0.123084612285951
-0.191604459765789
-0.0265921986518891
0.144387582107186
0.223427981153542
0.129503998953676
-0.208947303668307
-0.00468345233315379
0.00750524385109025
-0.0939585051104651
0.164393163668662
0.0947833080566478
0.00486750059641874
0.114982549558124
-0.0502251095248628
0.020930055898701
-0.105744701393827
0.400547327706645
0.0477465970585333
-0.166455574050017
-0.30178538317531
0.101015838192948
0.318441710512921
-0.181601603802525
-0.175161986703642
-0.154258414160249
-0.26862453335557
-0.362039041364706
0.0900059183805434
-0.0123384088254837
0.367993635821049
-0.153732156478502
0.200886842757951
-0.00198226537998267
0.154908321619278
-0.108311816376046
-0.064465818820152
0.178014536883327
0.270629270072132
0.312812603637837
0.247523574097092
0.377789609411537
-0.0679074032077358
0.558763951914044
0.0305787649067659
0.249798254970103
-0.135532085751924
-0.0656082513262506
-0.532926160297094
-0.159905723790075
0.167927730957819
7.12073758449422e-05
0.402229641153776
0.156405269419981
0.168554343811544
-0.56924590715513
0.537871878398978
0.270172638828625
-0.117328434744232
-0.255634003086753
-0.159083932561542
0.2495746724204
-0.165041850837193
0.173041321661905
-0.0333165032717576
-0.076722451191848
-0.277864600966892
0.204411465606217
0.169872896221727
0.187725752014335
-0.196915551819601
0.22338026394138
0.278915440165467
0.144246616278029
0.0530243776429301
0.335126547468007
0.196790309350933
0.18034515151032
-0.127436638806098
0.0573967762929612
-0.442607954039615
0.45829614892663
-0.231805259863919
-0.0065098365810789
0.0515414448014741
-0.32237791862491
-0.483584237592564
-0.155349716198417
0.286487479149077
-0.0649404624625402
-0.0507851352270169
0.550071437889045
0.152431087796446
0.0712778591525838
-0.0236169455619427
-0.40308800388901
0.186466028108682
0.251736331981686
-0.145558324364256
-0.169617483465612
0.0654165408387986
-0.14946840446737
0.240776662889977
0.170682719740761
-0.132050433096706
0.590444873583664
0.515133158487538
0.122749682694437
-0.0626621882629647
-0.257226250595276
-0.308464194280192
0.115829062527034
0.029428775411019
-0.387218722122474
0.104245176587434
0.294289762637899
0.0761609125424104
-0.134048661509776
0.530686714317675
-0.253529748630811
-0.286996167373703
-0.0376612030998464
-0.0683235765947634
0.046052697602744
0.130024433755468
-0.0447912962831483
-0.509771846423088
0.429976743889812
-0.0337122486315912
-0.179567881754703
0.330753458934051
0.250021164519324
0.3788336432429
-0.187762579657527
-0.187015852301439
0.257862660295202
-0.20333150492493
-0.0842812511938246
0.282685160536312
0.167691317527728
-0.0978000525256265
-0.393826071940041
0.141712480735845
0.354987592440579
-0.0909861334401139
-0.250257661196709
-0.188079060997954
-0.160964292256605
0.194235046832945
0.00310101769885887
-0.140612532717661
0.02458331901256
-0.454774360865371
0.066582695429237
0.0383300183606894
0.0485725179649025
0.0869776787162308
0.0598569051100096
-0.0245464968930125
0.179456456212654
0.0432979797269191
-0.0895455859301036
-0.115068669054132
0.391164652362887
-0.236661283622121
0.085319055532628
-0.20775336594428
-0.30542724482081
-0.681654243584558
0.11579948768472
0.192415681271878
-0.3069045070969
-0.344831970127615
-0.30401368347556
0.552619473944926
0.115349705828011
0.137166020282023
0.0784168404084541
0.0199074814591169
0.204998762895078
0.0358082540836098
-0.152324805661306
0.216334331327573
-0.0728137450195083
0.103526392244639
-0.383910269966601
0.223286063199156
-0.087966940909394
0.340351199939696
-0.153138752657262
-0.260603769786967
-0.163826770157898
-0.35575593307525
-0.0455935375477354
-0.212222527798173
-0.254506361552704
-0.151492202322053
0.0333215100583626
0.202745843651397
0.194562819653408
0.0834721047679647
-0.39433760926579
-0.267629453537871
-0.0250812236631824
-0.0105536295464906
0.00201874257887279
-0.250324020858902
0.538543894594771
0.221014405194947
-0.272537610120635
-0.317102884057702
-0.0346025763587643
0.104116910932497
0.330941381356894
-0.0077414027510529
0.15374732331021
-0.00792160036496205
-0.219101734938673
0.441426547315738
-0.0931666289624602
-0.123698382531877
-0.111044877716771
-0.28005970412053
-0.287355561636259
0.0168240111826986
0.00975673177114144
-0.164284383987549
0.170914011779748
-0.496400454357498
-0.306897525030345
0.0438418539886625
-0.29160790713283
0.0439135783785991
0.750915336048576
0.312757367239888
-0.340502566621389
0.0551573180233095
0.195120867207311
-0.244758657145975
-0.334591221923935
0.205365194274159
0.267668265897149
-0.175110235370642
0.235819509168186
0.145290530520051
-0.12019412656178
-0.175044036762349
0.0804316693896513
-0.217054732726218
-0.0489490644327985
-0.0868668760813392
-0.0268420243503564
-0.203664587249509
0.101281688838893
0.302544156510674
-0.0281242247561013
-0.13131547156558
0.0746181875479308
0.421836622512283
0.51254504196178
0.26889008750432
0.201130386437928
-0.214376536847311
0.327683179652045
0.276046140986827
-0.259367510404546
0.0915752157740649
-0.00691173321960194
0.0269520182496118
-0.00217764534684563
-0.0786301979943049
-0.178403124671939
-0.049892466325162
0.209044920390588
0.0574113203718735
0.147638167979877
-0.026920220647705
-0.0825757245972396
-0.0134876459777937
-0.101677374123642
-0.0663191515849083
-0.173755459759955
-0.276136480607766
-0.552525605184425
0.12163811456566
-0.190157009322796
-0.0581631554873744
-0.227662882114325
0.379007253994873
-0.317960628824285
-0.123517996330648
0.160252040350351
-0.109877427615407
0.00414782044611671
-0.21885581295004
0.179765141902693
0.164462877126916
0.186345659884742
-0.0112323101682699
0.378128739896837
-0.125261387860362
0.232817971623046
-0.443953160305202
0.354748914683432
0.397804861183668
-0.214043666451853
-0.0553202112437782
-0.410781632308862
0.183631775889232
-0.0585372369509843
0.24902045460925
-0.400143501677133
-0.0667058216140786
-0.0994660146396363
0.1065705127437
0.119516801120958
0.202322649273463
0.0457939118445022
0.391059436584974
-0.406090683778479
0.219117548214675
0.416582764374521
0.396989030291528
-0.176344291645821
-0.847767162391579
0.1051916995517
-0.48041329527152
-0.247695877993555
0.135959041535079
0.33050877404241
-0.0654515938714986
0.0194093614366591
0.0780515921839359
0.426429330136941
-0.701575494614223
-0.027609014248912
-0.24693030490527
0.233356875104688
0.0305047629022502
-0.24959446952375
0.264611507253488
0.831546182969224
-0.220711602213143
0.397268924771498
-0.390684856301811
-0.146165227341011
-0.272731072998268
-0.400090184106063
0.215137006038063
-0.456652667807286
0.422923626225287
-0.160412451914088
-0.238745055869
0.0727007577303525
-0.164003683629577
-0.139616059897104
0.185662427236849
-0.210638728121079
-0.0722109342193405
-0.458903442787033
0.168759340627869
0.0311330627960818
-0.342576190744629
0.240675945232914
-0.0598293829266306
0.0926665059134947
0.058110500769805
-0.0984705050205307
0.0490066116740007
-0.105112271327544
-0.325709378653497
0.0828666173286534
-0.0714806165451598
-0.0456907508744734
0.0826474807522523
0.157767131311165
-0.0582166507849627
-0.0179727476311331
0.665594319722643
-0.00990729143338305
0.424644821420835
0.510773353567984
-0.167450479558215
-0.347594877865417
0.523065368396995
0.406926448504869
0.445835184289268
-0.0277874490415632
0.457103875705221
0.324031023718983
0.332891304164492
-0.0266223082963593
-0.0304354214738791
0.396764431183494
-0.569727503423199
-0.20366256854898
0.00694795002439481
0.333443578264134
-0.163054957456008
0.331265182758284
0.148926761382306
0.201278411327309
-0.379123767597461
0.19461298782979
-0.0585108172016821
-0.340728142374664
0.0739002230082836
0.14594180464257
0.441637885631421
-0.317172274637971
-0.0664421747574001
0.201939297444551
-0.340454712173711
-0.071439408592924
-0.309981097451835
0.0595992250454016
-0.0930756190308536
0.278934422816426
0.109581358697979
-0.594913056039885
-0.0688999484617492
0.287309312456154
0.117957993835752
0.173500383183961
0.241124999011497
0.06990323417946
-0.000580149718056852
0.299962510072012
0.176517259435734
0.210098746041992
0.406879501220521
0.120861450350673
0.158076167227608
-0.551238147235821
-0.0861379724942869
-0.123940059616074
0.157540113388321
-0.0481141883410385
0.13076072269017
0.349541919747198
-0.221981873704329
-0.398913970691426
0.0707569724381932
0.322412848454816
0.464487282080903
-0.029092000038885
0.491965342867841
0.627658738902767
0.267120435139109
-0.00641906272670542
-0.107477897553898
-0.0447934141832664
-0.0373939532918257
-0.0512100543987555
-0.0356722594122576
0.082428117028305
0.394767101960079
-0.0245049180411186
-0.0155145101380747
0.059906784633243
0.249507036690116
-0.0789882531798105
-0.0687633165305584
-0.326630203214873
0.0146588037527191
0.0178970032418232
0.237630233872991
0.594150291740544
-0.0736934783494809
-0.196128462503023
0.108650721179359
0.324156511704572
0.645421015693379
-0.395928959511824
0.109685339482547
0.433375749384898
-0.343012511692207
-0.0516485052850486
0.0440977653700251
-0.261564829191946
0.000848774742656889
-0.68143066854744
0.146996386905706
0.340873798126202
-0.00891485627997483
0.620400144754746
0.484364824090244
-0.188833463892769
-0.265400103654914
0.0291527376251349
-0.0574020911098584
-0.012737690673803
-0.153787179613201
0.682453443823652
0.0352215908739976
-0.184734086882389
-0.0720358631819552
0.122998886654509
0.242199704390175
-0.0476416547353525
-0.150017283941789
0.477438731634836
0.1181262955007
0.211182715445249
-0.035834634810238
0.176117437275594
-0.0949137948049885
-0.0137000085773571
0.123104168433055
0.0910510650264388
-0.127638033079887
-0.161557786960052
0.135287390543842
-0.21873219721118
0.0724250150125243
-0.0753258942110524
-0.135512617928084
-0.508745896221297
0.231498119574897
-0.543888391375734
-0.0342913220368824
-0.0339841247611092
0.410266035585646
-0.0861949312306594
-0.0639799301916858
-0.0618064971841955
-0.182593835233094
0.418041012439854
0.269113018383124
0.182897866708627
0.332863493147365
0.136988607147612
0.118802763166783
-0.0703440320542296
0.38071997782018
-0.0908436094865873
0.109854056164982
-0.473766449287955
0.264850733393075
-0.119557625179978
0.027251663556985
0.256773620683888
-0.15664969371135
0.172483614744274
0.144294429872173
-0.0887395685939279
0.0255185230293312
-0.0154383890112368
0.18041757488412
-0.487589118146941
0.248842830298664
0.114815429078462
-0.121322401804131
0.0178722341491242
-0.0748924489322923
0.257230760592247
0.0897248623320489
0.0269588252922077
-0.18348678329347
-0.0630361095508482
0.110585035112417
0.178587922087684
-0.566540625296269
-0.017372687593681
0.0890141477424638
-0.171750839430215
-0.338507455996243
0.124041074199337
0.334643268574694
0.29285533031194
-0.041590929782658
-0.20257009029274
0.450531308535308
-0.356618708491022
-0.0113935032772546
0.0903806912978812
-0.310345973700087
0.248953092502283
-0.116456863679431
-0.475319387612543
0.20297524594078
-0.450474021069351
0.223249297300038
0.148159723063798
0.203290238214438
-0.0319611541207586
-0.331090536722238
0.140246440089193
0.165348545007573
-0.243138110325518
0.0429102857730733
0.248929940725493
0.451149516784616
-0.0565568936752626
-0.529408541425239
-0.0493063190963648
0.191153026136263
0.035575834131931
-0.0779725371645558
0.247807211064329
-0.185382608547803
-0.606366358871362
0.191616792818091
0.302038995951239
0.407970292435476
0.0478444856925766
0.275379405612149
0.0378844470426711
-0.0648353172751021
0.187610854680933
-0.34256376793339
-0.0365256182762138
-0.0727457437179096
0.191301722893697
0.162670304404033
-0.535674015691705
-0.0544168670683656
0.259023766559723
-0.593910677267981
-0.187021791416869
-0.036908707218171
0.337769788470689
-0.190254069266225
0.624942728860128
0.0891318392894601
-0.422263096691145
-0.201418906010291
-0.00400096398566127
0.188767626175594
0.316339903349678
0.276819254117251
0.118609873264228
0.0597246617334891
-0.0701990628521216
0.67157817477088
0.0391600686025085
0.130823453001902
-0.073423585371217
-0.415615784452866
0.553232474470152
-0.0945656308988221
-0.221974600075612
0.0664143202858385
0.0134650180632245
-0.268295367132703
0.564896632047857
0.0133563925763346
-0.40845148205432
-0.433752044980591
0.0689967045400178
-0.0834050043173514
0.249578654618837
0.122892450130422
-0.045795247719943
-0.093959639771658
0.0970956980322664
-0.17620369673385
-0.642329389070888
0.171687109221489
0.170023647386798
-0.379175395165143
-0.0681758150266067
-0.0607795603188652
0.453002738883388
-0.293476910480218
-0.163687857149169
-0.765579582479477
0.674448327399701
0.287587555661944
0.242059892459555
-0.29491650597616
0.193015516133885
0.0337402111727916
-0.0136159632158109
0.133648359243103
-0.284921987749024
-0.468916217470975
0.090179397400106
0.107389615649837
-0.046193737850458
-0.0599092702783373
-0.358917003433736
-0.091450473073817
0.0400471553562523
0.674777811516529
-0.747315380974188
-0.490520869437655
-0.00913125722598092
-0.0545566549677055
-0.226719426422633
0.332701457515584
0.215543232930883
-0.270351215769062
-0.0761714934786251
-0.252924787753495
0.23386815393954
-0.194752510456452
0.489627584376824
-0.0525395061072556
0.387001044788703
0.110111692543342
0.313924934510143
0.100754765854241
-0.0216034375333701
0.572792892272392
-0.228684843101627
0.215202803059405
0.106554726526672
-0.187798819755825
-0.25373709625483
-0.124318717853854
-0.130828437234117
0.863515354593347
0.40781150084524
-0.156189045122399
0.0112360381024255
0.552976256439575
-0.218498611820187
0.194913876009012
-0.233549150748775
-0.140345378540703
-0.275692956624886
-0.195348608225361
0.0295243675734018
-0.464044324159043
0.203867998156253
0.414677298774239
0.0909052729982611
0.0927583687926855
-0.140721499484686
0.467063312152258
-0.0683843112738807
0.00832307449875936
-0.189736993848974
-0.0448588098551917
-0.0851437239166265
-0.0104437485326375
-0.19329239012855
-0.325458242594294
-0.171938922235917
-0.0223341047614117
-0.0827738397409201
0.0374415970829705
-0.343650187875026
0.134199031702775
-0.119709551561613
-0.0255831530523688
-0.437154615751657
0.432474054709554
-0.469101277524665
0.103043123243028
0.215166945657929
-0.228712344806819
-0.476833272354238
0.444594700837019
0.315950532043931
0.295134688087251
0.199456417127917
0.228482316529765
0.10061391792344
0.062162561151748
0.339493130898821
0.0605441718556122
-0.339677908345271
0.39559407092203
-0.157926500584448
0.230042455342046
-0.159510462337825
0.324002468022579
0.104464079192145
0.35738691112236
-0.169545207908136
-0.40442880903604
-0.116977879538558
-0.0457581930837324
-0.0875378345226888
0.02321388748422
-0.138616982628856
0.107752055973175
-0.171212765664446
0.427579160512104
-0.194475350231222
0.17703792604728
-0.270456848373879
-0.132822223875386
0.0204389251528699
-0.0126626452271247
-0.248228251244736
-0.615181653124445
0.00237851314216576
-0.332770248475314
0.246258977434735
-0.421628092393699
-0.287703112893412
-0.146679133459822
-0.458296594865057
0.149357812101142
0.12007470060859
0.0647957494697962
0.378143961802737
0.0715124921951675
0.19038256894356
-0.175207281223864
0.421072071767631
-0.0507191221398858
0.456115884711105
0.0686894051021849
0.0847101672553505
0.00829089858099062
-0.202894399199962
0.0840447222840582
0.0402175593755076
-0.295716423181211
0.266167866167496
-0.000944256939914553
-0.485939730272184
-0.0293136595063248
0.00266249765375458
-0.0790530828524065
0.205028242745162
0.185451253411272
0.377328234791262
0.149728251899141
0.118787061516502
0.0621100242690481
-0.128835401188857
-0.163427300456837
-0.227244255855179
-0.185473748741263
-0.0793418622859174
0.342610809058304
0.108227044883529
-0.16489563261357
0.23064957043265
-0.0546895846895754
-0.399023558023357
0.0583399505230489
0.257728277591007
0.240442959389348
-0.064430680297544
-0.213542873431523
0.671047469688986
-0.101220996534632
-0.361680353302399
0.0120035539297464
-0.150807888133336
-0.0564082886989006
0.703131978315958
-0.207888395147766
-0.0818858823238099
0.12567323704534
0.0142588066341173
0.0906838872627641
-0.52166544331346
-0.00964722850224558
-0.26733831886915
-0.354995890617537
0.300480294785612
0.243939384838495
0.235383290447734
-0.170258668258201
-0.304850178580504
-0.114606278104991
-0.147474287659235
0.471836315668392
0.249810381248547
-0.174620481416469
-0.410486627384929
0.281255915019688
-0.280356821120254
0.275977770172368
-0.107714134841719
-0.204964151562933
0.14995421291927
-0.0175778989712718
0.138899401447002
-0.323600071423312
-0.195403849405444
-0.453530723801612
-0.130549650877533
-0.0133589802053785
0.23176803728682
-0.244643303241459
0.00188745474904123
-0.291869957729275
0.171150374821135
-0.331752971101475
0.373010896109005
0.0462841917103016
-0.375651151886212
0.337219230484851
0.109431713762685
0.0547231431823483
-0.502999259520899
-0.0241218245455938
0.0122787873130314
-0.137463894078576
-0.011678246093072
-0.175721810841947
-0.253876733601645
0.182590590138664
0.309831066625494
-0.0623927814705587
-0.4236973638682
0.282300434253648
0.35701526067963
0.121932797732275
0.276025733888301
0.319668212169018
-0.160889570352209
0.182991638922388
-0.227904964714978
0.19694483762973
0.36742000995651
0.196938513871834
0.364128122610069
0.0283590598213445
-0.24592325856629
-0.198665394631912
-0.31049609360044
-0.302799321213349
0.0164606385485764
-0.207105045434435
0.0269694764277277
-0.357338199826642
0.276297763837843
0.121936428880237
-0.206325110345813
0.107700216647467
-0.0544273454270709
-0.131104303522478
-0.182451375165029
-0.336674040477341
-0.483112369902126
0.0457056788730123
-0.220986129167408
0.399562847853601
0.249830343664581
-0.0245695722290726
-0.235992699803986
-0.00165993266644783
-0.0380962754494611
-0.288546759805979
-0.150521447556807
-0.287477251607784
-0.0824292872968893
-0.287131160345767
-0.0870783346402408
-0.448889721893821
0.250176706725486
-0.348294900771551
-0.508937222410783
-0.416403287733702
-0.305906367484721
-0.379364872136972
-0.26823496381416
0.0472919432561824
-0.198282570079042
0.310134692370236
-0.123883718137993
-0.379263410462227
-0.356436735719438
-0.128135320782032
0.227351948944443
0.364893049705002
-0.500692324070848
-0.0326668424278436
-0.209313795729055
0.27813851490929
0.494981088606058
0.25634429859296
-0.28719880466819
0.276812337953929
0.0685537169057093
-0.159698811355791
-0.0115085045229232
-0.49367162346642
-0.265645031986505
0.142784119255274
-0.139055502490527
-0.50110829349418
0.467047852674363
0.0348704605067481
0.283395705981733
-0.285778454886494
0.13180769842482
0.0765753425611193
-0.101828648566567
-0.214883750924603
0.126034793485737
-0.321136983575376
-0.222853824400121
-0.0210193657848919
0.508313775695592
-0.0504198214750904
0.6258500444171
-0.23738310637235
-0.286564599299553
-0.308530067464074
-0.0561385047159288
0.0304405915423721
-0.374617823335152
0.336331030561633
-0.190334237324571
-0.0377922453819461
-0.0896086465850653
-0.412052101417007
0.355951822016041
0.193964894794827
-0.0418781905646119
-0.200013462714455
-0.520677969825518
-0.145125310729919
-0.0629526507968976
-0.636492865628158
-0.162057852275088
0.167495761431628
-0.14973275077193
-0.189287878279753
0.136740378855715
0.418381055134642
0.220008799740622
-0.3762559841687
-0.223242116212638
-0.209793972733234
0.0268508907500159
-0.243128826673119
0.280612698514367
0.3416986612681
-0.0595123977449296
0.118376370334343
-0.639794287327211
0.0149407588941831
-0.0855130980868315
-0.310327285895135
-0.319983429851121
-0.186680349294573
-0.37741149344912
0.553736507727924
-0.245510643483548
0.287337612453349
0.141022276882648
-0.110311738490505
0.655097394282478
0.504824199100405
0.3168711150957
-0.117966851346586
0.190980603868129
0.335716676792802
-0.238020997856286
-0.0817305694040499
-0.806945854519467
0.219669912464496
0.177531476634213
-0.0728414580122286
-0.38815293146829
-0.235605494279187
0.308721188663266
-0.232607836942834
0.145416395061698
-0.265924292902401
0.20533554373015
-0.40404685931233
0.411203038277963
-0.411782375993392
0.278887421342347
0.272611249968137
-0.124775856785798
0.123975885996029
0.0429481503531533
-0.212842056467911
0.0495338684987428
0.190398268221017
0.025154792158974
0.552480550998772
-0.819706397089711
0.00151125828046134
0.180945469016034
0.0370757142690044
0.157377169108591
-0.0188387795119333
0.1184367873758
-0.0682386330088307
0.463260349118486
0.0747030597203638
0.130908573752067
0.385973078287325
-0.0791568289390968
0.224651520562553
0.296457113638761
0.531694194165589
0.455624921667449
-0.0284655131716288
0.401401356508091
-0.257621909373359
-0.348301957296301
-0.338285238259597
0.420358480160843
0.00122978363488825
-0.458810774186362
-0.125729203513266
-0.307721904554234
0.332488987134058
0.163578159656371
-0.0630275768826354
0.178050626545506
0.0785721714055127
-0.488902127580527
-0.275446207771968
-0.117811095939171
0.0545390844477112
0.0651078720045338
-0.0586964744206492
-0.137558675284062
0.0365106880458676
-0.0738722776076246
-0.217901066110477
-0.0990419910850935
-0.00407778404265635
0.187412039982529
-0.130396154922778
0.0342916341829867
-0.0656720860765247
0.388033906675092
0.270008114351008
-0.328865596067589
-0.123851450138687
0.136405520242153
-0.283623332746055
-0.186375689608549
-0.147356400938621
-0.207239021832506
-0.253908295748193
0.341901937077036
-0.00556426727254685
0.184375022117981
-0.10913954788038
0.312305635165152
-0.832021938350987
-0.0978441196051305
0.197831497839415
-0.15178393582157
-0.330855004212135
-0.198967360613558
-0.14630705552529
-0.207422846489829
-0.157537022051142
-0.296375871487513
0.1623760576284
0.239431813854288
0.296572603809784
-0.0440839173415097
0.150886601374647
-0.414374794210543
-0.275446028396248
0.0377261751906947
-0.226306326800598
-0.31918976828339
0.067374505220162
-0.403404191892221
-0.36567751011204
-0.163096453875953
-0.307493882643788
-0.179772073264991
-0.493807451594278
-0.127527345846744
-0.17219037350663
-0.108688905873435
-0.324974007881995
0.022745295494945
0.289893225568241
0.351770568681178
0.394394702188008
-0.264059025198976
-0.562894125350538
-0.211616956102365
0.212200737222809
-0.17485456768758
0.0924457290979648
-0.470561384755785
-0.0699470549120955
-0.142964944881074
-0.256002418372563
-0.0586225225167699
-0.0142218632078926
-0.172389569439959
0.665086993028185
0.177703416277707
-0.4492386732588
-0.00798179485367547
0.0382719326924647
0.134524246413766
0.0295086212547349
0.139779661262354
0.105414234932473
-0.19602975568606
-0.348495188973982
-0.33142853481955
0.450404687450943
0.28230637428095
-0.214917796627925
0.0800852158008041
0.157060510921296
-0.195234248956613
0.254798731712394
-0.434887378269334
0.30220474020443
-0.296439340942597
-0.00654904154090966
0.35289878160127
0.319347434898694
0.487524854060766
-0.237381099414075
-0.182684793147052
0.207880574232847
0.123136070772185
0.0277757585636528
0.184237335976715
0.621016053765962
0.395365527504479
-0.261312949518151
-0.0149277745379576
-0.0777987263617516
0.437914509854719
-0.0708616646650622
-0.0461802677415057
0.135492378484184
0.18976904393006
-0.208075934404443
0.462492586504016
-0.259629144598436
0.225323669973856
0.561662747657961
0.202339515800634
0.0915498841899305
-0.215348258790497
0.35877610030154
0.163588118973934
0.0296565574386584
-0.118465263210859
0.0174351458173046
0.0199520888468398
-0.314836491188086
-0.484974954989021
-0.0875105068975839
0.02764213466393
-0.121467339820722
0.016128581684374
-0.23125268916849
-0.374002127334696
0.0482010033059693
0.137634556548906
0.0445338923746718
0.045497573547624
0.00530220558449038
0.685650213511667
0.0245112362407467
-0.138902253402755
-0.284175904257908
-0.0765458054791225
0.424633844956766
0.177092885951444
0.118225336577832
0.135146138388465
0.137399415255972
0.128039062929905
0.0590467228597399
-0.17125213058127
-0.313589432554635
0.142425046550909
0.0420185678823631
0.810019524249551
-0.199146920541106
-0.340934931889625
0.145332145612599
-0.27464329207173
0.213395372999549
0.145440725045557
-0.130395558872571
-0.209937596657109
0.377642500520081
-0.0317507687141869
0.0244073221118609
-0.0145441845267542
-0.120769818203379
0.551426368508322
-0.299075245392021
0.0450390257914615
0.672217393705068
0.288769348208287
0.26801388343115
-0.358435802514778
-0.214686272681531
0.297578314726199
-0.225075997519546
-0.291186654999372
-0.503560412420761
-0.528231385856628
0.0355465225781292
-0.61918714099308
0.0927595351664734
-0.128027961012062
-0.281063899165044
-0.221700238304412
0.180682726865044
-0.59050414827366
0.471802960706202
0.195251626305803
-0.300477280557598
-0.104943767805533
-0.38485983535575
-0.0755367580938075
0.0238011029909374
0.0155664124523137
0.462037138160448
-0.311739747522448
0.386987630420957
0.113438916175479
0.130432169995714
-0.228395249949937
0.0550945014123245
-0.470959154449688
-0.178599226387353
0.364730735465544
0.100834781652677
-0.679095135929806
-0.134739598021245
-0.118715112843218
0.503076169100514
-0.524213238423736
5.47603407427544e-05
0.477751593645671
-0.1797774564281
-0.101196643786367
0.0384400334382334
-0.0186060827795273
0.160697579302103
0.145964284096663
-0.244173360419966
0.455330632806078
0.191455079698232
-0.749092909938343
-0.245996388141347
0.191032373408983
-0.0426502407026404
0.335447833304553
0.0734484853460942
-0.289415592189167
0.098292619878583
-0.382885624336823
-0.120952948898166
-0.0551146340883441
0.115119254094898
-0.195592047353782
0.104669953972101
-0.149671783999944
0.0363817314972786
0.247370667448863
-0.35148142258963
0.104928956829634
-0.170875189582959
0.231482797882361
-0.340255697176576
0.150604719886957
-0.242876127563861
-0.108458896783686
0.0273675995447882
0.0676919744524835
-0.315935360703982
-0.653584941292931
-0.101939913677264
0.534272738351105
-0.49822502813607
-0.398053932531259
0.0652455261411479
-0.20786926221913
-0.322630960381739
-0.108492637982148
0.184294606961188
-0.0469371139062134
0.327388542482545
-0.316944812603614
0.45415494496098
0.0429781523151798
0.203520074731329
0.457923791586072
0.346968506660481
0.286439041759441
0.319964383931724
0.0955752044093254
-0.261815944747309
0.587803534840859
-0.178051877741148
0.119571724636732
0.0202555458178747
-0.33013503685521
0.110510157652985
0.323538005589421
0.364522076521684
0.461624435374624
0.0133213808135831
0.279339459688996
-0.0727377920867148
0.308597048995707
-0.267570464594217
0.161498722490993
0.0270436376507512
-0.129368311001648
-0.00944288268477678
-0.0306511860341532
0.211970740131739
0.197497142136744
-0.0691714065089779
0.281938918163743
0.25300080489337
-0.48193058018909
-0.250446204929458
0.302013981334062
-0.391248103285691
-0.300285303118172
0.055341754885394
-0.151760648853609
0.257684588718547
-0.00805190083047232
-0.302233765559201
-0.2726104793722
-0.0118825057883414
0.678711879333849
0.0942086543039937
0.385383347675724
-0.419122098965481
-0.498521463213473
0.1963189441529
0.0168134069445629
0.110865067725946
-0.166768267824237
0.302198323475009
0.0218843688710459
0.0693415589376655
0.387882899880125
0.146593235082075
-0.216107257638907
0.265412520289366
-0.0330940383730566
0.160220513215722
-0.289125851073034
-0.0120949093535915
-0.711862293784839
-0.326358538000589
-0.146150979995724
0.101343233766107
-0.308342650851948
0.105624089773376
0.182840144015931
-0.334873335260264
-0.0800822702131203
0.579112445445069
0.502507596430368
0.0608441626680456
0.352086956385283
-0.0326540166828181
0.136205587934075
-0.20054856676591
-0.186973102202848
0.0411948571522145
0.295826311449733
0.369300392524401
-0.123773503475041
-0.212063262347823
-0.0288089082086243
-0.375313186830755
0.0496024465903962
-0.0732018730673315
0.714073060337501
0.0502933024155224
0.0693094033437239
-0.0685806033822853
-0.0958027097297988
0.147195369756727
0.19806439163273
-0.0434795456177502
-0.244176613193629
-0.212707584114141
0.0843266400191814
-0.0905540123612174
0.244981166215304
0.306518810372073
0.452355560624935
0.109986423629484
-0.182695048019766
0.0743601200082977
-0.203233654685678
0.284146666320547
-0.466268444632067
0.359760567316678
-0.0106166593927907
-0.0248884220016623
0.000724235133805283
-0.486156081483663
-0.263932061509106
0.358694045413344
0.224517608640463
-0.0279407233811713
0.0239699841933112
0.182936727235677
-0.0693909238639469
0.218390454314769
0.151067821470864
0.0731654027264696
-0.470566047513263
-0.142079696433526
-0.104960632805013
-0.154518990672648
-0.260044557729833
0.341658141623974
-0.302862674200615
-0.356053904931832
0.022000284858015
0.434742365881219
-0.156786892701387
-0.0365656371100828
-0.218119402352085
0.105513205911714
0.0389172050743384
-0.358320342867274
-0.0775174076973331
-0.0532335637440495
0.163590963849444
-0.336611455871009
0.429304520848534
-0.0778835037714419
-0.339412423647535
0.176782295274584
-0.0252422554864707
-0.019829262918848
-0.181400803544598
0.451796748783825
0.0977542543610084
0.0888051084404459
0.375926310021586
0.58816392822027
-0.245064761009871
0.0715330956824081
-0.100196036420254
-0.395399959274428
-0.338373522399285
-0.190262346301365
0.367859639598347
0.24088699830921
0.302113608142197
0.039639342122143
-0.229092079521696
0.0895617456366939
-0.266165431366199
-0.181064786368504
0.163303231031792
-0.0210697054444214
0.230722993951399
-0.239903459422631
-0.0727444955729514
0.0056568376403468
-0.245068953666467
0.0109625885096657
-0.0301450480869693
-0.362722994085489
-0.208896160129748
0.111474727241638
0.263786441607613
-0.0747078497488821
-0.40554728331519
0.456894127549634
0.0751627404800564
0.0740746701435224
0.137044863712233
0.103871282230544
-0.0710725317894367
-0.0664958638580932
-0.333878831017226
-0.287809927363391
-0.130920933869229
-0.133524887116115
-0.181308530592354
-0.165346495688332
-0.0871658702670372
0.0370920617519363
-0.550953652840909
-0.451417582053909
0.340152217352207
-0.228604636999816
-0.0595549094693507
0.298916598465897
0.14408753093514
-0.100561377146612
-0.125123958165319
0.0662686654814428
-0.32391933761314
-0.137378511749339
-0.090628458581189
-0.0353328591894193
-0.0653997131409246
0.00079577739797719
0.0299784782855772
-0.202883898091029
0.216639743250981
0.0934483779726404
-0.196139772145733
0.342112234957259
0.181699401192655
0.0653150377141151
0.44409292150636
0.20572338968156
0.0720265471198296
0.321835889056383
0.497968919860875
-0.0208635675163668
0.0577734246695834
0.140566074616869
-0.364595266039004
-0.0782336946619552
-0.556580433473927
0.178530866122824
0.107214196529069
0.580639806240199
-0.294712955850728
-0.14082386598378
-0.335918931454425
-0.030895479030635
-0.182807108830792
0.132105946310208
0.0622203710581503
-0.092989286042061
0.125153087644755
0.130351391320824
0.0266913340397098
0.0316387239295007
0.240050999459595
-0.243747238221983
-0.00689907599450904
-0.265204800289267
0.185349087513939
-0.149060143097363
0.147863690810146
0.174294787283814
-0.243937663194534
-0.639747005689632
0.275042491642463
-0.148841479658312
-0.022945254979097
0.253723106938682
0.165870616192961
-0.276095352275807
0.0541440609388748
0.313983692516639
-0.224932660441027
0.790662934988955
-0.0919813207468554
0.31464876004757
0.653887368629803
0.187476303033309
0.0541149681256921
-0.348148356397534
0.0882555087449675
0.1822367371314
-0.150800357170027
0.0641484253121838
-0.0931845135472192
-0.12502586001276
-0.213678238828181
-0.0134806406411686
0.291293707377057
-0.0318660271941226
-0.533932938146201
-0.00789967401461826
-0.162862752520867
-0.012640855045047
0.134666005713545
-0.291144264155627
0.474749940920193
-0.0823462262592927
-0.275626924015761
0.15851103968996
0.419731092343568
0.356900605200471
-0.386508650443003
-0.497806638244743
-0.422682575532164
0.356155285616092
-0.0342265037748098
0.290282207172175
-0.13552451534635
0.0989755969688264
-0.454227545050019
-0.625545098866128
0.402388631752362
0.183647020627623
-0.167425941602447
0.056811348305342
-0.0560018947634432
-0.117057337622051
0.116133118010247
0.023150977111133
-0.0747108771315061
0.0320184835038228
0.192229179767861
0.10049414493493
-0.288944693489773
-0.227813374093208
-0.164306912400668
-0.405122557468043
0.0576675168728717
-0.135023768066061
0.158439284916615
0.168260047289126
-0.368127701753838
0.0127056862186123
0.414079334437412
0.407495638241405
0.0466927489408375
0.717476883361199
0.0113459839237314
0.0771769101599788
-0.278763732782966
-0.158795837692323
0.499988014749291
-0.315270301593825
0.351858315841655
-0.0302269597236381
0.24442074272393
0.276773102247657
-0.722792247746843
0.345022103266912
0.0123401728285623
0.149122886843398
0.716736546981194
-0.360942369432838
-0.37694799907743
-0.220037709168307
0.154120776421391
-0.215958755510202
-0.0918678417805276
0.578627327465334
-0.136217663155139
-0.220510610830811
-0.0362166259396997
-0.101659642912247
-0.13992310373113
0.503944805330755
-0.119007389195098
0.344603304157074
-0.20376200074652
-0.236554370082913
-0.118990668221837
0.505612326709152
-0.0303960283504069
-0.758514926488381
-0.0946437693609281
-0.0765334980266103
0.0099934964770726
0.0384757818663781
-0.480548043830974
0.0671921334589794
0.373210968010837
-0.143793177252185
0.128899166170802
0.173269226237711
0.0307916253183042
-0.344458378189944
0.384513544739464
-0.254395574073481
-0.347603327352058
-0.256249758756327
-0.0609900733554688
0.00331834652891331
0.121352765429914
0.136612527442789
-0.404534446315373
0.378557707495414
-0.164808228777706
0.233712640370556
-0.334391073908926
-0.0888052716266439
-0.390403485687494
0.0686460646041149
-0.194334021981928
-0.104455008932429
0.869256475644783
-0.188165148794309
0.176454304668052
-0.205450431597085
0.0558163289505213
0.141136235097755
-0.167554108925311
-0.391479464265431
0.0432641218948271
0.238222894222324
-0.256656021901573
-0.40200453136618
-0.00137084050696069
-0.231287683421207
-0.3106556053576
-0.305454093875449
0.698176811105661
0.933666253729903
0.233865101891496
0.498687866302548
-0.377198512223815
-0.189884355188045
-0.000526189592341658
-0.125143296778149
0.0397203998034377
0.0033973619735015
-0.00225596995545332
-0.36378949123869
-0.503608632567366
0.0527425099144574
-0.168018273722221
-0.121635203038822
0.0937454469277108
0.393621868776293
0.266597319606537
-0.209583228742774
0.0154582126590206
0.272997500892922
-0.0721905264790873
0.00770962504299303
-0.197771764446596
0.225657804626362
0.306855307833308
0.477665806860453
0.43082497050217
0.388296100341207
0.196408289255404
-0.2698483560628
-0.0609180144947102
-0.0499035614546218
-0.0222293757164943
-0.075701042205958
0.290110554177173
-0.206643424244225
0.149129859996823
0.335638293437575
-0.297940306890813
-0.211843858741372
0.396479678800399
0.203352634728588
-0.491710030688687
0.143741104115216
0.0115178656772984
-0.150491366223318
0.301616345039523
0.0829934174243494
0.0932993054346692
-0.138678592833561
0.539256022788184
0.820553118493423
-0.103476855326925
-0.181894273272277
-0.371478016516654
-0.294413104717433
-0.189035980645446
0.103679271396228
-0.0497806628007135
-0.0499371428276154
-0.342013180135147
0.4896574109336
0.080780243224305
-0.226291378447199
0.395332784344315
-0.409453146403557
-0.340544786144327
-0.104002864973297
-0.381560803698165
-0.0409643164240953
0.0816372340400476
-0.396547985838663
-0.502140904925055
0.107689487104614
0.589193115335316
0.0721240627689006
-0.182699178938241
0.28034573024381
-0.476685676854079
-0.0504657294122379
0.193668107985544
-0.100927216073907
-0.210656142848061
0.183569871342786
-0.0945032631036039
-0.163690912525038
-0.21861999117908
0.65856758346329
-0.00407564989408862
0.0893518252085967
0.261659101961915
-0.229573510244518
-0.0224624473590697
0.0384803393252986
-0.243569518815276
0.0935535312424044
0.0592549459700308
0.107270151833724
0.229358567772163
0.448273306293164
-0.37132817609295
-0.0076143824054699
-0.334310112881457
-0.491651172430856
0.384426139313061
-0.347599643952782
0.402358610824385
-0.0733996058942517
0.203888840867516
0.0146843725065206
-0.0375989475886629
-0.159841255144327
-0.212239436660765
0.329829585512059
0.225932349929885
0.32346492616576
-0.52000649176426
0.0192931465576328
-0.389314655571254
-0.490379640187061
-0.00185921293132993
0.148869080441332
0.111896594698793
0.170746009725094
0.023871594172264
-0.309231512683358
0.155285337073511
-0.0463361625596273
-0.157282396685157
0.0938787992152733
-0.0445468665394433
-0.416556359188717
0.147236134555743
-0.24542855626597
-0.241325837092982
0.083175016241662
0.0868442905682226
-0.06422739004743
0.106023594507872
0.221847146794767
0.417436505851847
0.260245323568545
0.0397936435704791
-0.05053040207479
-0.0595103238559983
-0.493608256863519
-0.550711757080794
0.26816699055178
-0.189600403194963
-0.249613541479316
0.136307997409421
0.355747243630663
-0.226470525038852
0.433168672263959
0.047580867568849
-0.180948213488262
-0.0262931696975534
-0.230643341222133
0.244217455827304
-0.185413833035389
0.0351586990343547
0.222467177143193
-0.352616345629803
-0.323761138070752
-0.149854964155298
-0.347683269185839
-0.212225080070931
0.0352956770715502
-0.193944050134782
0.246577214138107
-0.0794810753028889
0.0453901227688702
0.133554067176612
-0.183290959499199
0.0173475455398661
0.187542580019059
0.239732446925191
-0.537663791159965
0.0356015774890552
0.253911145674814
-0.194625545211691
0.287210392603534
0.120298405645851
-0.1736687375165
0.327064638812894
0.251925689774169
-0.215393232281902
-0.242546102503347
-0.161675230751533
0.541666008817983
-0.220302896939997
-0.258604130866827
-0.00185719885742085
0.0999296236135717
-0.456679143158415
-0.315076513237527
-0.469223273294892
0.356912391184866
0.422993471894224
0.119437492543895
0.342108036809326
-0.555496370607508
-0.0467034518065722
-0.00376470710279491
-0.158362181478936
0.100063652989146
-0.227743534720327
0.122556614047227
0.0964996906743982
0.140175654294741
-0.458971305126391
-0.194405085739923
-0.0577097510661543
0.121161685037049
-0.0112397715353018
-0.4732875796069
0.278294719115361
-0.439370879831381
0.236296253680863
0.25800387569445
0.250682015537668
0.114440356702377
0.120658470353493
-0.240405236780968
-0.067025745686362
-0.122818562562453
0.0211079475104775
-0.0952181452503751
0.0240575983161335
0.049516928328509
-0.126125069859843
-0.290480246890468
-0.0194348980788602
0.132824496794081
0.337345912116648
0.00790149572173279
-0.00375432090369172
-0.0375402989826492
-0.256408288332299
0.129434977824367
0.223217270971568
-0.338991560746968
0.0931969696343399
-0.0607033060216106
-0.142367987234526
0.286048481496933
0.146245648076124
0.0372112731070914
0.225064369723405
-0.0821107791466146
-0.0127957412442626
0.203882085254842
-0.118324686643611
0.105409323568574
0.305807787582733
-0.215718773415898
-0.389639282203633
-0.0374704080806714
-0.0971967208535588
-0.235769854438229
0.0697977078107022
-0.449670288465006
0.151591513500809
-0.494337009906756
0.206962905762593
0.700942875403176
-0.207624753460996
-0.215400585238495
-0.604353510677626
0.725502557244513
0.0990070037830934
-0.541741086940353
-0.159831706726083
0.148696675320837
-0.460008938274647
-0.0968660317486847
0.320690378462205
-0.162976615581761
0.261434331160907
-0.165677543822322
0.13494945293823
-0.109108649449032
0.180229046652037
-0.42796017824658
-0.00319777550906927
-0.226977421631426
-0.179693669207
0.161979381456164
-0.341178442893831
0.172180927454046
0.050624996251626
-0.149967961072327
0.0366967815435766
-0.013287141250828
-0.58602732381063
-0.392152039596202
0.0658031487306355
-0.492718812907075
0.144637783499119
0.59627527450416
-0.208782654197884
0.132231069787934
0.0210405624491589
0.0779505877108759
-0.085795999049748
0.284433116881466
0.227679450151172
-0.240840187683858
-0.352333199301037
0.113813478754174
-0.0826227031851173
-0.0780631978442539
0.0554548571512474
0.266947169181668
-0.0814495014236906
0.0939187754479463
0.153182741790488
-0.250394705508214
0.178892073849624
-0.104005214652694
0.344681207908362
0.263036512153135
0.239455125401966
-0.353489636302301
-0.0781411670308395
0.124214971375798
-0.0281822250945889
0.116989056118592
0.457742411731296
0.177293396885469
-0.283946705014611
0.101996107736178
-0.102563046241553
-0.347278552484117
0.0815578265666533
0.148191698211741
-0.0750007428223888
-0.57168707830691
0.028729761217959
0.335231896640789
0.88051553139242
0.26282221718677
-0.561857161440199
-0.0768638199068353
0.178694732706898
0.00231626179391162
0.360746822201522
0.00686697802342096
0.0851752280890801
-0.112660723806453
-0.343054554603995
-0.168102495251491
0.190929401144445
0.3600165276542
0.434834309458524
-0.330113949909686
0.301244995153111
-0.0462854958340811
-0.49897645581215
-0.087569266346406
0.12669080398419
-0.084803098849509
-0.780500398150913
0.033408210351059
-0.00725191578980739
-0.0147295571447133
0.62254651055284
-0.200723097854541
0.367392233948349
-0.188212276074589
-0.0193859770133247
0.326264537547534
0.710142190170131
0.178533656579695
-0.211310196953849
-0.731132283508549
0.259037859005669
-0.341530709364919
-0.0512424469381497
0.132917137850163
0.268575178814738
0.392972308354289
-0.467705339042283
-0.068397026665679
-0.466857748054763
-0.0646836462962037
0.0443383161663705
0.241231687106805
-0.256414445303414
-0.60086625133374
-0.325250521363596
-0.361558855570405
-0.236411544965474
-0.550338240315719
-0.217398462588117
0.178858821828904
-0.239286052393726
-0.807492912141278
0.53045589264108
0.171338274378839
-0.313290984409863
-0.282476878018906
0.386087373259637
0.0291348694940019
0.262157317149859
-0.38752042737487
-0.0715562325839069
-0.387169130030474
-0.0339923017895301
-0.0181535242510779
0.337506320891484
-0.196773433899804
-0.203658720947669
0.0400504162970833
0.0609783637417166
-0.146972541289535
-0.599141721061133
-0.194450886963025
-0.206099380899459
0.322632469844842
-0.0832566145685785
-0.00153711239931183
0.124377665390112
0.50776717588232
-0.00838535199155366
-0.294615076279651
0.0474405576002055
-0.677316215143968
-0.213290120904981
0.439434999916704
-0.276194929354255
-0.0924272065616398
0.426502511677189
-0.338923628107137
0.26729126572115
-0.136923497128654
-0.0793398017929642
0.110525563935254
-0.072692476647745
0.239048915151149
-0.0640504682010123
0.00496251557723938
0.011617394577445
0.0283336657295744
0.282285785544146
0.0986832149163233
0.629609042985873
0.257294038976198
0.093113341496612
0.211542894994831
-0.32602834591524
-0.117271330016282
0.677516481245367
-0.559805390406864
0.0192813013098824
-0.253097254833814
0.483178532779047
0.161820224982293
-0.163116152827813
-0.305735663251059
0.197927082504948
0.112217310683273
0.0931409575118484
0.0800514997064434
-0.144273892049197
0.0797155600198611
-0.194766156558098
-0.277331135601615
-0.0716596814498533
-0.353705473609641
0.0191177706145711
0.0963296054388812
0.265936392656021
0.180002900498943
0.0668291256009326
0.658758989615957
-0.508276875056174
-0.414078900992318
-0.167123430767442
0.0991902189928388
-0.307788257400994
-0.250520360352475
0.100636857122041
0.106107268848811
-0.223072223229961
-0.0224871558763055
0.106202980769464
0.607022812733624
-0.213236920728845
0.181766675579842
0.123642364559326
-0.136603628269356
-0.164016793764133
0.31255432459782
-0.116550876903374
0.375735778045869
0.0142009430539621
0.0867561649917445
0.117360928822718
0.170754875043173
-0.391615260431257
-0.260951729493353
-0.51038569613212
0.38073915084018
0.10589810133782
-0.290597168425497
0.139150392341391
-0.0230539727389001
-0.0927535282368
0.252653036652003
0.210814310261933
-0.0304413871006238
0.181950480953341
0.372711341008975
0.0646197008820571
-0.0361943156100171
0.163571702128759
0.0947658458675751
0.20318075708418
0.397038431169961
0.278048202256745
0.456520114577861
0.33263112475813
-0.24525172157633
-0.0165046734502865
0.0660167168919136
0.79903038362827
0.206180347741378
-0.0247725248801899
0.449249275013468
-0.149437911123841
-0.244301793820816
-0.298504182861385
0.150241290425404
0.0956991103236469
0.231033515914884
0.0539866870631368
0.0713314233954393
-0.0542518293183006
0.161481814121341
0.74363452879113
-0.0366667688856149
-0.180306924566143
-0.0310102065731407
-0.154186777567437
0.0149687312499564
-0.284524670403558
0.235132255456222
-0.262536073027907
-0.272601722975296
-0.170065832709905
-0.501207983069966
-0.687751637107297
-0.0862624459367803
-0.0643580879766716
0.0647717790864492
-0.233559415618742
0.216408536808346
-0.203373591344928
0.205610606150119
0.304217255339052
0.00919909969896123
-0.136206866437511
0.406184207704884
0.270389003680191
-0.548357452607165
0.0165877173153707
-0.221133638646697
-0.459442550948218
0.386886996706451
0.163697029646189
0.184044310403269
-0.475409282432514
0.239689634601527
-0.182412105750231
0.117946013694845
-0.136690359789509
-0.329401824319244
-0.396221978777701
0.0712419988453067
-0.200623215931779
0.293930661419108
0.403320497341122
0.0152263000503658
-0.394935143251991
0.265040099389056
0.19971124747636
0.232293182763252
-0.0816167654279751
-0.147449965005125
-0.188032675976102
-0.528859150963807
0.575981185596266
-0.230834750202797
0.0935788849391968
-0.148376023963009
-0.141426946667927
-0.113336412587506
-0.194183838270817
-0.29444073320763
0.339468711117626
0.184975411752787
0.233448347237382
-0.00511955202403114
-0.249769997396545
-0.18482415662434
0.432009165609471
-0.197113922272295
0.0240266857966711
-0.172906585470356
-0.141361647212193
-0.239220614300069
-0.330547906988798
0.285081794838558
0.163224932593861
0.491572074781786
0.0450094365703622
0.139525504414245
0.299589022194289
0.166912261434032
0.41550651801542
-0.307831651501276
-0.29089640793807
-0.044223291129311
-0.288721446703776
-0.1154659935977
-0.213935104074175
-0.0325733882017095
-0.022918128237447
0.385961792296765
0.40930279644892
0.138187670659303
0.0947706176908013
0.338951347063354
0.283590543946955
0.109505791804697
0.276887158205639
-0.0782041758665765
0.418357191860883
-0.0926305685281528
-0.350798985342445
-0.551584141423673
-0.105968628342956
-0.0573743477827364
0.574539415916753
0.137430283335337
-0.203406692714604
-0.0500948868565255
-0.229435737488922
0.0415150616055368
0.084083789675067
-0.0409762145897278
-0.323036799281455
-0.0567654350146689
0.429206938423891
0.0110561434898994
-0.0289255819900225
-0.239659168551315
-0.415429641374521
0.0396572011327746
-0.17722361680148
0.170708080920671
-0.340117992011001
0.0041203968653976
0.697337645807002
0.0793475016217887
-0.235824448408895
0.363797051671844
0.215771749909896
-0.343067283264188
-0.235865388668751
-0.392019882035715
0.416595892053056
0.152654730473454
-0.040156829660984
-0.354530223742816
0.309360568202372
-0.0590613463859954
0.244573737915559
-0.103086416106475
0.181344640144544
0.0978580830246139
0.319559366887461
0.0975135873538537
0.0696856487812991
0.209205703885342
-0.0165776729217694
0.156885204460627
0.54292514219757
0.248185848068161
0.133699361434262
-0.138362969187673
0.0044462110928432
0.203710547444358
-0.0375611034380409
-0.0723835165053467
0.264115217071673
-0.12488507897436
-0.415628748325138
0.681183788370303
-0.406335679123989
0.371140936375375
0.192211169735659
-0.23330794464816
0.0884011558576022
-0.110971747714837
0.232272025435608
-0.648790830750617
0.128048357707277
-0.257704683096999
0.250656058557243
-0.0979875981016951
0.521149212361407
-0.142074466558028
0.0478212153976969
0.325373151123607
0.393319753176913
0.290481456637465
0.330259084782164
0.456829814173816
0.143696722899607
0.053247873430703
0.243293147095594
0.254871056329567
0.00882394213731695
0.118648063347933
0.448727827666993
0.28852747748948
-0.326818800257994
-0.172794244309862
0.511991852206503
0.144010234209569
-0.205083426012042
0.188290670952173
-0.109069524987636
-0.0250574116247426
-0.400709900857807
-0.0673768774739574
0.0181293369717719
0.124978512289669
0.116210827269593
0.102809881650728
0.216211987948372
0.556362327185214
0.29423723512206
-0.306407450828821
0.0919229078698054
-0.291536558493434
0.218472434704063
0.112185079606477
0.412945525678687
-0.170308671932201
0.00446316121968857
-0.354967272389127
0.222350271159637
-0.0160992340290249
-0.417969425681159
-0.0921373753317041
0.685543586875954
-0.231110453696655
0.0749240805630441
0.118063742877701
0.0736820637735001
-0.00497913747993495
-0.128436947255486
0.0367801797792807
0.195205584362909
0.175086127548975
0.245107902378165
-0.089468812554194
0.331530191594875
-0.00387946942810742
-0.173269516183106
0.441938337479351
-0.230819260695518
-0.417462647816331
-0.0687765646031122
0.538369690629773
-0.18667554249029
0.169878718068093
0.650785265798292
0.135662470557651
0.0898246353898487
-0.0122341664261654
0.119900010676237
-0.164525805513239
-0.0554500835200298
-0.0298923031852948
-0.23784381740984
-0.252656569995507
-0.0102927043432585
0.0703576444010426
-0.15802277865955
0.205046411488835
-0.102092716302532
-0.0438625320761521
-0.0270272111381046
0.0329287703075062
-0.372880719379411
-0.104617379089847
0.0797908312731717
0.099579093638905
-0.45803854301622
-0.1384703931324
-0.0154932307460537
0.201904064255549
-0.0695812738590696
0.0287627443632803
-0.368871123291996
0.180458921857003
-0.0559493445410628
-0.222085362688322
-0.728488492450645
-0.199319226726838
-0.175437427614407
0.0176020905705062
0.232709430299342
-0.0858529037251449
0.0975179289662499
0.50256738800124
-0.169886717732809
0.72934436568169
0.116160896249944
-0.108792069384548
0.371078669756797
-0.284251758499041
0.381019024424096
-0.272466368166335
0.0521509291625883
-0.0153122828532557
-0.297341166673473
0.0126779549521626
-0.542723787459022
0.00223704476332233
-0.21793412188989
-0.230469586817296
-0.140128556507455
-0.197445030963659
-0.107435553357783
0.333860722527762
-0.014994191088394
-0.615405793946674
-0.060095933036262
-0.431079345102132
-0.0943804886256977
-0.229068597780856
0.169614326338294
0.0851661503587524
0.450464048953007
0.0229482569960321
0.114343202792412
0.185241824088916
0.094083914161673
0.0663281515702831
-0.0625904120610761
-0.301438277304967
0.46536939890644
0.228059882768031
-0.0364162265849787
0.113678344035951
-0.0372702834996455
-0.374644575628625
0.296972192275708
-0.571461477281148
-0.0147532094834961
-0.315319162080547
-0.16328642669041
-0.202295856334653
-0.683083158012479
0.58981447237383
-0.27059557394225
-0.103478940507317
-0.50387829106254
0.199331297635971
0.320419547183675
-0.140747244635795
0.181160530281519
-0.348894038326639
-0.105005960064681
0.114864675185362
-0.214964694050353
0.455632318535681
0.226257777166121
-0.115997391857271
0.158727928497942
0.473625509364619
-0.0341209880921503
0.0395316280422465
-0.212034487384654
0.289010654859041
0.245770817955892
0.254699028535621
0.064306536249638
-0.507334902085082
0.00451220638723101
-0.0638699814130958
-0.219052506229544
0.148955466733685
0.0126346394739847
0.101715680854977
0.0557552756584092
0.216510518825593
-0.109829838927003
-0.501855952486444
-0.0520493530239667
0.136460182125043
-0.0839484875855542
0.268860473429431
0.418979453769169
-0.0207869896558433
0.221058548875564
0.105737608595026
-0.144979770508512
0.473024721593681
0.0175548810577016
0.0820794662924328
0.159132941350296
0.060353915822145
-0.278350148756123
-0.307433552632242
0.368863881024831
-0.0207442704998741
0.458910959952507
0.215973325334657
-0.283295152291675
-0.383215903975606
0.443127058711458
0.269534995263667
0.32082567059177
-0.0685474334717328
-0.121641402053544
-0.274329104850397
0.422013091634005
-0.130454781962492
-0.278943917380241
0.1725228259698
-0.129212643321346
0.0296222889559027
-0.254436382500498
0.0170375886704962
-0.0438702509414114
0.0245029056222725
0.279987298109677
-0.148665191487721
-0.234834431824517
-0.217583676030529
0.214897660074371
-0.201612032695209
0.117579516303665
-0.0463064338435991
0.016061777721542
-0.405344976142995
-0.447223413562233
-0.0946657792036397
0.404465297370785
-0.183917231093386
-0.371411029491896
-0.141309247943029
-0.209779408808199
0.323800507114612
0.256942159985446
0.407326025037424
0.0544125878686005
-0.0112500284225113
0.108396577314386
-0.406168373929011
0.143746252306426
0.227165758585856
-0.140104756943667
0.096517714768788
-0.0383736624331999
-0.0185888448514852
-0.190368709386581
-0.0571756759801331
0.394006762620656
-0.0568681681029039
0.354902274163351
-0.277644530010473
0.00163264550727099
-0.204181166915224
-0.228118672087463
0.117452843419242
0.0648011665626472
-0.201587240632122
0.0850194605560276
-0.269370353195955
-0.247752582119596
-0.113802010082447
0.243354013094057
0.0686487065857761
0.182901733619632
0.202416805952132
0.126664973238287
-0.629316859983141
0.410104643160804
-0.157515969200949
0.0358739645720188
-0.274071130518475
0.269408539227214
0.127134539600278
0.0370238419743602
0.200319689364123
0.0437093585297233
-0.501270351252113
0.117779739904486
-0.284327597612025
-0.04541765345841
-0.210983128492623
-0.0230246240942798
0.048670937042379
-0.290112225617311
0.173480970789626
-0.0538932102422533
0.0383723350760398
0.301976931679797
0.142349561556538
0.890273220020617
0.194546025727515
0.0137582407581596
-0.0443245851628462
0.65626743514562
-0.168456183593294
-0.442931336413988
-0.706044910049293
-0.17615018920272
-0.0720705851861033
-0.188868120663109
0.133755153301358
-0.214591929609604
0.211646337473963
-0.153692344489916
0.166571269802918
0.538856633481868
-0.365245441089534
0.160368910709408
0.551003768617109
-0.0942677326706864
0.328694843103038
-0.133434034177334
0.12564486108402
-0.168695396730112
0.107478348183486
0.0666644042135689
0.144535056271207
-0.399622590172211
-0.464759156919926
0.2150497240551
0.407242822269311
-0.257937922563548
-0.104733618231716
0.0820444337426024
-0.160838793294737
-0.242698794588246
-0.158864526527111
-0.253075928745748
0.302735968342343
0.137740425542079
0.0170374851499653
-0.502801003601927
-0.536130854193481
-0.0688701181065252
0.155339864168606
-0.0106986221580126
0.136821358181246
0.0868924000508253
-0.108565413528089
0.00563130695242946
0.265512228835739
0.179138033380764
0.0752853659265262
-0.852233815245687
-0.101682627589896
0.465949830622578
0.457024915434839
-0.277543640596091
0.164820714086225
-0.327381655947594
0.465413288339978
-0.211840987507348
0.283582900979898
-0.474672914864848
-0.0809588813712367
0.208938980561957
-0.538161391229573
-0.203151097943636
0.474232353990129
-0.141521907247926
-0.19929099682328
0.211992717815021
0.170698344175789
0.135420738224076
-0.0207638697678756
0.255079360090148
0.125582303145195
-0.010561728246137
0.0922560701873316
0.113204281761626
-0.373387239877595
0.109165860922249
0.376291875018781
0.246905154165214
-0.370190297292897
-0.0800547203687825
-0.100243978721393
-0.191378405158299
-0.140886021009654
0.261912473749073
0.0339284127586809
0.295810966910582
0.0197693390986899
-0.00375186740933892
0.0657929684579668
0.362326044795884
-0.00234498001171134
-0.394120703696568
-0.380428596336558
-0.184766724470283
0.0120402665941177
0.0885874561206427
-0.0965257834230539
0.60316472090247
-0.501449948756893
0.186788057666785
0.437583931482735
0.349582136520002
0.135898187647826
-0.0478781859200445
-0.0250976263379715
0.264696011921819
0.130624356564615
0.0986152302433178
-0.0120581287154844
-0.237757731003698
0.0489106205090111
-0.847000216029562
-0.132369716339338
-0.280515851089004
-0.0648011337278549
-0.0809193456585596
0.642236219820991
0.101783338622044
0.0965473073026063
0.0379754437329414
-0.00424748019631621
0.120477936737293
-0.186795714543453
0.399950216097917
0.228912294822333
-0.325963177765557
-0.208494529559494
0.0100894726727102
-0.161129764109275
0.3407184405378
-0.034022167234732
-0.272427210430461
0.220598401354146
-0.100303411720785
0.100511668624354
-0.29896012430523
0.211669638372162
-0.728631213463246
-0.0996026794656714
-0.0786122423023308
-0.366388237995773
-0.40340279388513
0.070669494349983
0.336753127083904
-0.182333904238131
-0.303135311163011
-0.341158734174637
0.562592668016198
0.0807240752488871
0.06554402197545
0.320014669750995
-0.457563958749106
-0.668932918804931
-0.0487868096365614
-0.148973049934674
-0.31674323002828
0.0128559076266226
0.201292807090402
-0.127013648914252
-0.370475134080537
-0.0522761998596262
0.0720150994846936
-0.29841393523442
0.154514662464943
0.172399911472167
0.246056747080713
0.141074010368949
0.294717024233996
-0.0865811028492959
0.267631806942038
-0.0703577783215704
0.0774852380172032
-0.0679745536050953
-0.0995618455729433
0.0232568194266858
-0.228940650640893
0.461035899761627
-0.410684745154996
0.371241306097049
-0.0190617321240478
-0.592102984691025
-0.315256018481055
-0.193811440978129
-0.296169584456409
0.145013988283073
-0.199008611816503
0.178304382762367
0.454867007920839
0.0884994057496236
0.278502988972165
0.346045888741732
-0.172817440404072
-0.465463932631444
0.421796611385508
0.519742756203611
0.256147316317174
0.559051107596203
-0.0538314691429123
0.108110171894017
-0.226633458318762
0.633652518793021
0.245785817624954
0.0149806488187785
-0.0847930255238204
0.33947766699178
-0.26425699697862
0.0907740789741482
0.0644869980605557
-0.525030433079668
0.160411524510381
-0.186817686755422
0.179154782752459
0.139541687637952
0.286980537429709
-0.328420739170546
-0.0757266209872773
-0.242365479053009
0.035390121727541
0.0408968703166614
0.192613243342383
-0.136198384728616
0.234384840111602
-0.207081546835128
-0.329507315644333
-0.120241829154366
0.0357495907343145
0.231068994275432
-0.277492226075075
-0.311998670141984
0.0757874298789457
-0.309282449168426
0.0383056958077568
-0.183696035749652
0.386449807969394
0.0355221808406351
-0.397166645951864
0.379982376930693
0.22811619762216
-0.0919874335302705
0.60656312065056
0.540664618249998
-0.507410224726618
0.407595283461433
-0.43846291414459
0.371616267419644
-0.207368600787271
0.158074542987863
0.299694468224337
0.492901803916832
0.557101602912375
-0.131228853541908
0.178893376542124
0.0363641311338801
0.0624539426288359
-0.333696009949553
0.151444589183622
-0.380324916125306
0.558330240323806
0.115820929004319
-0.106094366040002
-0.191193473329123
0.0343972014241862
0.189464107696967
0.16929355928767
0.1121088125354
0.0362852311126781
-0.111115453627914
0.384345503585179
-0.533647282685179
0.064837473710566
0.0771871993673628
0.231775337611026
0.372909331981481
0.0814931350573806
-0.00144281292654761
-0.0414694683440424
-0.0418310692541766
0.171443130176604
0.0334900606960135
0.411542228090379
0.447662261641478
0.0158577058016975
-0.373120323586889
-0.0422050137418395
-0.00200101816289914
-0.313269973546466
-0.041002349892204
-0.15163039490656
-0.33875137932649
-0.0467042395275573
-0.13811397135848
0.0642881514729781
-0.0875023487980726
0.0584172007360806
0.0684262532499255
0.219840182585142
0.0927583568334202
0.488279128772203
0.508038996115454
0.279538988439908
0.429883448418863
-0.295546214714142
-0.0880912593755388
-0.331580090044633
-0.409299078522617
-0.153132662820678
-0.166924443515138
0.433106538473235
-0.468838807367681
-0.238967048862413
0.309974148679357
0.0736542956818525
-0.391776710328766
-0.0882373720078332
0.451722749196705
0.104624478171353
-0.166495265700135
0.405388181236756
0.266725684843196
-0.5036784535399
0.123820886552301
-0.0269881400766873
-0.331383495748062
-0.881092648403041
0.253497059258193
0.00383120527735204
-0.207316549671329
0.107398394133109
-0.236853165808453
0.228654657144296
-0.0526784828988831
0.633581029627053
-0.252328034089994
0.0361834444234706
0.105134755610431
-0.0513292939839992
-0.180182186239907
0.700682485948609
-0.115108029213098
0.203968385153901
0.230967689138589
0.193556384366277
-0.0127459976183305
-0.227536551702147
0.0974641854668206
-0.245102027225994
-0.490268087157708
0.251722933739841
-0.22913862164276
0.228437850354972
0.141244349162966
-0.151046469431246
-0.074808414470319
-0.180221953479212
0.088440467209704
-0.278069035965471
0.52097527961755
0.437763458766775
-0.31251299169332
-0.126683845331827
-0.0729488608545858
0.239301257003003
0.128973985793353
0.385826728774874
-0.110019752476342
-0.279075585358119
0.0536821454970208
0.108777905127952
-0.489464922037178
0.226362382086959
0.182234523131545
0.0710585127737442
0.100449584163852
0.143488878949829
-0.111421279427869
0.0598803830004889
-0.0186609044227784
-0.144006759625635
0.364222673724919
0.475963655386169
-0.0793597517031555
0.01780419611741
-0.277938950135057
-0.364616040020957
0.174277926567482
-0.0241579551421163
-0.164877362373599
-0.0878407536851738
-0.060759143568051
0.253935292870141
-0.0270782854690442
0.0106177142698572
0.103094679798449
-0.163774848384567
-0.520084870498845
-0.21904593629486
-0.208078327598324
-0.119797818433809
-0.687754624897082
0.127321143193262
0.130033912840909
-0.0883393622430593
-0.507213582562554
0.117659238260928
-0.743142884745749
-0.0521479778484108
-0.49359397410373
-0.490110766352699
-0.043446812176961
0.0744719796147413
-0.490031985361844
0.144957384570476
-0.261517685934808
-0.180101766491187
-0.0298813671898952
0.0747613354904793
-0.0951933236812041
0.590397150679223
-0.559437323335023
0.209797967147193
0.758932662825929
-0.288495138779616
-0.144568593965219
0.509998484230202
0.189523935196277
-0.0779259056291452
-0.0557657150168765
-0.337226676123053
0.119869542586495
-0.101803512455849
-0.233351526987394
-0.0482930581596121
-0.0886394512377914
-0.153643318224659
-0.260602477739289
-0.131503056259082
0.124789189035124
-0.169715343304004
-0.278525905645579
0.0570315447806605
0.122573645773781
-0.0800715439370057
0.175690958473329
-0.0851369027545013
-0.301668872522209
0.154501410338854
0.153225635040469
-0.355306484977395
-0.121194542015516
0.252832303649812
0.156451281506418
-0.0287375378542463
-0.133935170512718
-0.10875106707753
-0.0753324623065736
0.107492445787099
-0.291598481084506
-0.0776590630488734
0.0790925263625511
-0.0271616379025044
0.197571149679471
0.261161954256548
-0.203794125591938
0.312947826026444
-0.267546581694512
-0.185011603378654
-0.243570797503995
-0.320699416584835
-0.406210893319824
0.257050877273508
0.0694775040152603
-0.514555098797806
-0.447686455547295
-0.246959656190869
0.181347257242619
0.25819479874008
-0.261204503061738
0.206214645979277
0.531820224459121
-0.215822202557398
0.226031002616062
-0.198994502520233
-0.277012618540466
-0.148793386393663
-0.0496428069741809
-0.175778029717264
0.204715159512207
-0.191681552625376
-0.161209975717419
0.0787242951366893
-0.17343547352113
0.202386623955841
0.391556877426522
-0.152109148763207
0.199592055772626
-0.282052437998979
0.172314811640994
0.399843911443776
-0.123803733581896
0.438617334740597
-0.0155983393316795
-0.00764706072327053
-0.153536805778395
0.350953636770879
-0.0322456993036695
-0.0587682462534192
0.113247043031311
0.0687992123935677
-0.186650391961845
-0.444389369389587
0.349591576777016
-0.382887905530773
0.129833729445534
0.333757916037349
0.195017155788138
0.0691910613880746
-0.0913250007198169
0.000644500083590356
-0.0692722457748497
0.0335619531293166
0.257140069308355
0.0697783562802046
-0.46573537115484
0.116693936837065
-0.152604895197134
-0.317693193170049
-0.228961660295216
0.118242852509403
-0.88087525325944
0.604186792401952
0.265755518573881
-0.194737765352267
-0.242787682638357
-0.0762093517487716
0.0400131649603131
-0.30802951606822
-0.0505094548034986
0.382681020256037
0.0347904429209413
-0.306258047817882
-0.35203284613531
-0.391463227044952
-0.0413425553441503
0.313408438174764
0.115754356905081
-0.0091652389900657
0.149759570492949
0.603032409942722
-0.126277200907541
-0.0404954360887856
0.0778979841393499
0.0271457744002115
0.198646115625766
0.0404159985112981
0.139711528259212
-0.528568733106367
-0.0769104679045755
-0.343076938954513
-0.25332949613653
-0.205911898909856
0.242285644310025
0.0441142134866393
-0.082261574761563
0.119829639781826
0.114880228794357
-0.352111023369646
0.165039847856191
0.149313933824455
-0.0312362715654585
0.147778478758974
-0.0585695436679078
-0.0613029113335664
0.0363814651919801
0.0243304344018791
0.0973553827130789
0.254134677043268
0.242042330844575
-0.172305643463512
-0.564173285170687
-0.128444389251601
-0.430733628847765
0.338113137450655
0.0416538814712824
-0.216485681716726
0.0171355595418749
-0.441250467092091
-0.245536292905311
0.404832907029627
0.0122049442794073
-0.167688881073721
0.0845838776145413
0.0290756060763917
-0.198443945148406
-0.101577882187956
0.163837806950186
-0.0608291567012907
-0.0279280752016011
0.195716515423501
0.00151403595005065
0.423973778659279
0.190062426759279
-0.182622945729769
0.214768291328777
-0.43196942413847
0.331842791342424
0.304506078577308
0.324631461772766
-0.193702888779725
-0.0799110053179513
-0.125556385109515
0.0349318075559008
0.128580449120322
0.0814242161989836
-0.278083314074404
0.0296184568062266
0.321417584376059
-0.392942386228198
-0.0260612824371786
-0.19703822685287
-0.187375358763558
-0.404596329758716
0.113375744666712
-0.302487128262455
-0.252671374281473
-0.224818969053497
0.296392475438509
0.170939941113994
0.245396914252325
0.338196434568486
0.283719771393282
-0.200492595087491
-0.215768832632476
0.125252398858567
0.0866646269365409
0.0369355030826582
0.615452184088477
-0.181365790175544
0.0633572127967956
-0.437548377711576
0.0211151779535067
0.269703431812166
-0.161783226412392
-0.424350987449152
-0.215247113634725
-0.136401590387596
-0.185408112118077
0.281630744789759
-0.174234534363436
-0.0067193764625288
0.0286357321004125
-0.0930354442672547
-0.210432211436682
0.0679020171021357
0.00902475936103402
-0.146520858653574
-0.0587357785738537
0.133120726827361
0.0623232135751456
0.352991217623107
-0.406704814334981
0.120343283232894
-0.0649917917639526
-0.119318799440485
-0.339978888552676
-0.0229922687554775
0.0932470416595181
-0.599347449433903
0.474738377958216
-0.0751153261490764
-0.150230396680454
0.280114302624361
-0.504353933857557
-0.38116524642381
-0.110730245054141
0.2414491761346
-0.165793324465425
-0.140721012177508
0.126105721145921
-0.0393279432211513
0.192713808393763
-0.0667077045023596
0.146516478631302
-0.1299621477053
-0.618096541629406
0.0116177257323728
-0.260053422830457
0.189596254821935
-0.0999175465290075
0.106984280045602
0.190177855892147
0.360352496044532
0.149553013678347
0.0793134526697531
0.230656086031689
0.361435304623137
0.180782345105394
-0.399061003692066
-0.370835213048808
-0.0221862985156907
-0.380812734591815
-0.0684847092736399
0.11328230285648
-0.115554781721269
0.292450401237585
0.142392502564613
-0.0383119052430585
0.0162709973256836
-0.133076675240803
0.381349710930482
-0.00704259406732994
-0.460630042067982
0.443963512429757
0.766526688018263
0.59624059261227
0.137910021218647
0.117366888093072
0.17023529726307
0.158209410575714
0.209516121929971
-0.0745342239871983
-0.0253187120100866
-0.294712580398348
0.0813656521817721
0.328460716976257
-0.28930731520615
0.149230231028598
0.543716694958202
0.844919476036253
0.240355333654881
-0.283918896640185
-0.67227434947878
-0.326005286083111
0.345601469070011
0.122350622961749
-0.207620451612736
-0.17664659966297
0.151553170582215
0.266584186768964
-0.00788122938703315
0.134467741830973
0.251943004965416
-0.176825833204725
0.188401051965895
0.0756063279028669
0.111148299757372
0.256171856037641
-0.248664886869932
0.112491825212634
0.122491762971631
-0.528124343417207
-0.0494754012716224
-0.00558787900132576
-0.117144680439149
0.244295328083173
0.0456906049149744
-0.136002922797036
-0.00749070739155905
-0.329779048121001
-0.202620507221149
-0.302031226263048
-0.0761220338148356
-0.0745418903654231
-0.712433282983112
-0.0722907254491973
-0.330016918034991
-0.0300432983328958
-0.126615524819678
-0.098165339146214
0.00474878169919109
0.0203944102324399
0.286703178866238
0.288913043440964
0.331823349784078
0.254331144781903
0.198982066645046
-0.127135875903429
0.19409882278226
0.0807602500389158
0.148734221774365
0.0663277187696583
0.239496718745974
-0.366061585047428
0.167359126904208
0.21289191836107
0.332875408614184
0.221701138377098
0.107509257019897
0.100316094016485
0.332547615292963
0.296832576040803
0.517442471143746
0.271576271442662
0.158759911505298
-0.0944703974491969
-0.301078808239864
-0.00870628528066857
-0.381968315063731
-0.351512586773827
0.355348600085394
-0.0950265817946098
0.0243401105375814
0.109077530560835
-0.0775152404367144
-0.224695247587339
-0.350599657115575
-9.26564870062235e-05
0.0415054863513761
-0.503750608916229
0.418416518275345
-0.20111136880863
0.0150414140908424
-0.543766369167896
0.298062903983764
0.0467524127559461
-0.174147131767609
0.0357728008432509
0.0027671751227156
0.101508617649959
0.163846096570219
-0.576733177828184
0.0450010447696739
0.413672831336535
0.405310310249886
-0.462088803326133
0.0582137127803025
0.269107663836657
-0.18009147846184
-0.515427743031719
0.372661811806689
-0.180453281630395
0.247796902488074
0.00262491731161953
0.156406931502615
-0.517103554137301
-0.0681214911062882
0.110836365863386
-0.141183209687774
-0.187999647398373
-0.235897909056288
0.112815170737569
0.324922709403912
-0.248557208597996
-0.0183805823880676
0.321310793212088
-0.352621574644748
-0.241335557323375
0.213662192430017
0.308721463762329
-0.334762655187816
-0.21635727109544
0.0959401376150346
0.22690834489809
0.138177052743052
-0.262895265141753
0.036596603175006
0.174672149537261
0.0469951454705877
0.273647106179328
0.0239252188011963
-0.377399538104284
0.537412086102677
0.14849188790196
-0.865710302264136
-0.0322294584816728
-0.190259384613012
-0.017082703982425
-0.238046289005206
0.530527595122632
0.0536474434131281
-0.0245407644843114
0.221334305716582
-0.106687749582098
0.82312121533784
0.186288517526811
0.0270559649592523
-0.0054417324528977
0.016591301326402
-0.244961595221627
0.0919397304428723
0.130912357439916
-0.35089079139911
-0.128763449306489
0.385513667120956
-0.110345395157962
0.145161941649363
-0.491944521170973
0.000376155438749657
-0.00546413180754874
-0.267912560411716
0.0172758147176728
-0.199380216199335
0.0461761351902791
-0.524032966937847
-0.103319191098453
-0.03802555370709
-0.141975458161473
-0.136055720831604
0.529653518970108
-0.125501824015705
-0.503960742334221
-0.172670301658579
0.380142012188327
-0.231134940314814
0.056113489275544
0.0904897684927825
-0.402912500099074
0.080906192099019
-0.153849095841231
0.100456770306313
0.106188270448232
-0.465457226592714
0.101513396008639
-0.233895861615697
0.380278350830885
-0.121695693332406
0.0802841418739162
0.0460019458735657
0.33924988476974
0.237047179426181
0.0934066373662619
-0.0893817118994068
0.132385627617085
0.424889965690901
-0.231998738831888
-0.115260038092429
-0.194804159240385
0.247368701155863
0.0669215588580241
0.283976457970261
-0.611991270579535
-0.303287965535142
-0.490235133472389
0.323680508502392
0.062243399555025
0.175700526676137
0.0786254343812426
-0.166917306580544
-0.0715502756347655
-0.384714731204471
0.351046302749149
-0.198387615029261
0.225041274337977
0.447643190228371
-0.0474328651638455
0.0850058768025154
0.0782871405984842
-0.280294023080824
-0.199390764699932
0.363707925602321
-0.425194282293958
-0.0607031334513792
-0.090613793694862
0.159442288061559
0.280741454524069
0.0968838205692053
-0.286656819018517
0.710651332907554
-0.102469820385625
0.230676008603802
0.244708307880142
0.296669106600655
-0.0369560255999406
0.226359205752937
-0.20922080708765
-0.101151295669098
0.0170813063381071
-0.472314758671867
-0.339697679712258
0.302838054218034
-0.0959068490830557
0.181240888876061
-0.270296011818194
0.0544458883884832
0.322245443604319
-0.371753199029068
-0.194657308022126
0.0421243619956742
0.131761218348441
0.16666729396155
0.0951525469864249
0.124989769209059
0.218229905859623
0.106572539114619
-0.0821035361133702
0.346198400350325
-0.191351270882055
0.290574310501149
0.0207975748672037
0.133835322186936
-0.418076975544062
0.0955150405182424
0.4557631058936
0.00400669479473446
0.0464003132842649
0.0467666954397953
-0.0583612185737309
0.475323506049544
0.165979546290471
-0.166581506593693
0.217151203285925
-0.0704846068154725
-0.49185151128849
-0.103887859829596
0.0767746896027
0.134586129911207
0.126204237180202
-0.245781501183152
-0.217351404500949
0.601044083784426
0.0927767692175247
0.0650401970629096
0.203973094592368
0.120453823209903
0.266499793890428
-0.65595786293572
-0.284907707464873
0.139429916891176
-0.569601612775844
0.00881138580317238
0.0408579597063303
0.571406226354338
0.338706048383787
-0.147249705420312
0.112461263049685
0.201910363124076
0.587072935589644
0.376547178566281
0.0145965311356206
0.178471164057643
0.15769704033901
0.0519219961728392
-0.0905564677759841
-0.283961201905417
0.303835172990587
-0.421541351894414
0.0706495213567089
0.26422667413363
0.0501617265793213
0.167546030183175
0.0141227712119886
-0.110445844783913
0.0165785909219548
0.313093081044743
-0.454903675617913
-0.0142177195282403
-0.238616004212091
0.205797502282837
0.0983768580685707
-0.164558811033195
-0.459438802408956
-0.163849178954385
0.299957980831018
0.335899831257057
0.105997803739954
0.0416118007692616
0.216998551242536
0.0499653073619853
0.278441459020404
-0.0946067961049201
0.29190840712316
-0.188740663700791
-0.500702462601747
0.247346546406085
-0.289667452924033
0.0992441221517532
0.230535773390973
0.0845362064124353
0.183228007698692
-0.367803314254418
-0.201718505394245
0.423501873115733
-0.156241357822758
-0.0496827170820223
-0.298392664748095
0.387175086359558
-0.687082402960122
-0.0600806232396584
-0.200872372583226
-0.0520600300511798
-0.151553292521292
-0.21914406876264
0.533212884970198
-0.345773416962097
0.620484202339628
0.266064199639239
-0.434165766666047
0.525246342518359
-0.271498742956677
0.0647972479268024
-0.224255612831929
0.225325071571389
0.188314540303016
-0.29216141344673
-0.510807230579262
0.332570058802467
-0.12071419836836
-0.094063014587599
0.00395570170271205
-0.323826925898665
-0.345422618789746
0.458034068763911
-0.0715049433422299
0.19922178007637
-0.0430176161545844
-0.455944209918785
-0.129661377184187
0.120493039690617
0.335255370070913
-0.325050855511373
-0.356352628262178
0.304243077960663
-0.0841832118160253
-0.183149090336069
-0.374972683694613
0.136872158750076
-0.162950645128728
0.308904691011679
-0.33460902024336
-0.0579904670733865
0.192983898085895
-0.0669410501784998
0.255916240896757
-0.173266653619222
-0.235428625667697
-0.0859248263890419
0.163442665906652
0.289851816981193
0.401280316385377
0.0615082044368778
-0.0902126729185262
0.212841527219015
-0.180405603948371
-0.448052274817052
0.281068111032982
0.0260426364178872
-0.134921125032616
-0.229735600423811
-0.0357678728812808
-0.142491833424314
-0.360606310972188
-0.355798643902544
0.0398097475715074
-0.405807321553708
0.0192516047315725
-0.0645902013411592
0.0510141660329295
0.185036461896923
0.459944957061509
0.0952539164267527
-0.407279120002759
0.0960716648494777
-0.183505095252889
0.0160438845090762
-0.157011849328354
0.219631072129569
-0.113605830116957
0.233182347858867
0.0360460716622601
-0.172862701689755
0.0527421754575792
0.197260217010043
-0.134123638951936
-0.333291896673345
-0.00635469332747925
-0.0800051536181037
-0.00998654536522593
0.565648238079899
-0.575298827790211
-0.278806381313493
-0.281721531035453
-0.134709832119544
-0.0144578448902451
-0.124126978320506
-0.0957373184102314
-0.150142539357334
-0.14504553889652
-0.0739642328808747
-0.0398869882436971
-0.313993824436062
-0.0736810473676109
0.0289390163219281
0.0255255760590457
0.0167320696546702
0.482740832331352
0.418220928742246
0.264780152220742
-0.208934533778502
0.14144144022467
0.091989371433032
0.404935854717566
-0.150488421264225
-0.384435592542044
-0.251027982467324
-0.130790950118023
0.0224546174184881
-0.0685751935237558
-0.530989772110917
0.0736497327159456
0.331370698844165
-0.391929463366871
-0.0627419085755607
0.126995165360942
-0.252252787358716
0.0552644033872365
-0.110067162566036
-0.0620056529969198
0.067059190077793
0.210448685461349
-0.808583813308754
0.313989651122502
-0.237560963390894
-0.0245371796745211
0.0270184321379098
-0.158299997603515
0.296906188215489
-0.543787680203911
0.34943291318769
-0.556734163893271
-0.225462385646711
0.367158084761175
0.297006675638297
-0.0533405956954442
-0.270909258796066
-0.252546282311251
-0.11687793784989
-0.457674288064977
0.390910261412555
0.381756289871286
-0.010437804410077
-0.252647940142068
0.168442333159342
0.173236640317615
-0.338205971917465
-0.25944316991659
0.0227223189800449
-0.194888308292986
-0.00870144563006332
0.433427984386225
-0.213579943149612
0.241052784490265
-0.328132438647409
-0.206415751138631
0.271836792421035
0.347926259492095
-0.0677349096659475
0.105549301044415
0.0812797498770721
0.0208801719879949
-0.196878072306671
0.187119203517981
-0.431816330619838
-0.0704172170791839
0.0672543024340321
-0.55025307831136
-0.128095559887807
-0.10780391005278
0.279561076286228
-0.0825348460256063
0.302126747470633
0.0699923617237812
-0.0325907644426432
-0.133719336260403
-0.354019760739716
-0.572894545779827
0.219252710589423
-0.247158252680231
-0.00875231971997642
-0.199103073857316
-0.353167642928726
-0.0855725838935775
-0.189171157032866
-0.0173769184298983
-0.220982894038587
0.163620180340256
-0.206691137404304
-0.0198512122126476
0.125332590753988
-0.231507550320328
-0.012197512280583
0.125294679002758
0.476103370347263
-0.0464974658074117
0.174717109596932
-0.212075492819291
0.419074785151339
-0.0298114736996712
0.37753209368283
-0.0313801678514976
-0.140119712032167
-0.0403600409655651
0.38792840592239
-0.0777788101960505
-0.174834721464494
0.528968328423668
0.0950720039836403
-0.362793202435061
-0.245431734236807
-0.264702501083436
0.186257258196235
-0.209639425322062
0.875452021388637
0.588678605138114
0.541140174304051
-0.00302453710524993
0.0438450007485112
-0.183307012215646
0.203092787646083
-0.0756144819480535
0.00725361189496712
0.0476005977290421
0.0294311762401393
0.329136553829778
-0.339277478438608
-0.2455250708128
-0.419205865544687
0.408486892965268
-0.417802840570795
0.539600223868791
-0.100564121532917
-0.117059930979785
-0.174101295634398
0.519070207495166
0.0360523717560881
0.0558368224709838
0.432390475061997
0.0317592062081142
-0.286071791242002
0.147407870344853
-0.0314363207566775
-0.155284847270677
0.373634842436034
0.33931869150749
0.11998748193049
0.255510152182031
-0.400667931067594
0.202984991209865
0.0909411094092264
-0.0899789003293488
0.163572488292894
0.149216664024934
0.242944881121271
-0.11111517208323
-0.134450418735138
-0.247003316109986
0.154924226221267
-0.804582452064374
-0.217817264415607
-0.224479013532255
0.0125153238852734
0.0154535534382559
-0.109107664632002
-0.0484768305397551
-0.177906742077691
-0.192398376870314
0.290710596741361
-0.119199628988509
0.304967946296965
0.292069301082992
0.46772047067106
0.00644179183324493
-0.0895031386151377
-0.567630435527606
0.0325296368530019
-0.177673426745154
-0.320312158351264
0.280989247207612
-0.264080532312571
0.324403989606805
-0.396248686381031
0.0724086009220741
0.195084304706404
-0.0999286949910351
-0.00779431642394242
-0.153552120171478
-0.206783956483413
0.126207261447013
0.699451154398008
-0.168752820321199
0.312984667729266
-0.0830891595776047
0.557815546083002
0.0993937777276171
-0.478137315933911
-0.217780123270949
-0.420984649081331
-0.152446715056864
-0.0868375247164702
-0.362538272332753
-0.472423047596358
-0.343991221543993
-0.102869334883473
-0.460299030177738
0.103373644766459
-0.421891563083961
0.0928676872708105
-0.0849107186710432
0.0509768299746519
0.147740726494816
-0.230401689816939
-0.204336829156296
0.0172996487761063
0.0415369989997743
0.0126671312294817
0.146738031141888
0.482835757520889
0.42845654368739
0.224412492890258
0.468147003038317
0.126683073335786
0.322360615844812
0.128614907337289
0.654253059040796
-0.729515743364921
0.308778812114382
-0.137089859688583
0.227803241634229
0.0260859427637982
0.0721883334984897
0.373899462743553
-0.240764413994818
-0.389935002445607
0.279450825360824
0.408403017065209
0.135420825387905
0.360017145787853
0.361165149354529
-0.00772500751441747
0.0991539447009246
0.307777065816299
0.357053830667058
-0.13255103187944
-0.12945952888922
0.0722847901753337
-0.202584984065474
-0.24340723111873
-0.439609792501665
-0.325442983267193
0.0451117864407392
-0.194293453438719
-0.376217578627532
0.212243374315426
-0.323751070377857
-0.0204090323329888
0.393340498794547
-0.220766622458793
-0.00385286973800946
0.260921115406115
-0.150001817887468
-0.377180784537349
-0.104354878577205
-0.0828916417138719
0.172741050246334
0.104364464885896
0.0837909430193509
0.271651140144707
-0.319961342086114
0.161495054374158
-0.31763985265106
0.681296913190562
-0.423636515705854
0.429004589985268
-0.397630776146857
-0.0378053740896247
0.331847244119909
-0.420134681858034
-0.390423327250506
-0.179906007000126
-0.465116017461606
0.284204245448371
0.167951067497141
-0.263232177175375
0.178069485671238
-0.59908632217332
-0.015475961060155
-0.242160118321177
-0.367686280621039
-0.270186835518315
-0.194515340539029
0.220592960623795
-0.120821473650179
-0.238034213075713
0.423685034699823
0.122775997643122
-0.130669724960217
-0.27759651365768
0.168829838040029
0.0736163652482155
0.35331549957675
0.0951242900704197
0.275733578807985
0.0363409627825683
-0.0466698309314377
-0.0191267962449134
-0.198261766625411
0.077322542813431
0.10543744967011
0.150016367321955
-0.185133785345187
0.246028133040317
-0.202954075140888
-0.105568667892824
-0.341601705508671
-0.100003126632322
-0.360846773123
-0.0506187892907778
0.0878097228493182
-0.271237775410174
-0.109816083075769
0.303743457994645
-0.493534574851803
0.130852366327945
-0.229105887515163
-0.050469903778115
0.13087446626866
0.377754159858277
0.00549045247713156
-0.348615110203376
-0.241146226287282
-0.124557818118715
0.556664676996793
0.465121782035057
-0.326034277463927
0.177227878429925
-0.0651368489938266
-0.0938176161302529
0.158429123297776
-0.0308511673121611
-0.0829174496571356
0.111826860293403
0.135406356611904
0.189874480929475
0.34769513438263
0.301100486803282
-0.140919924671951
0.207657322437294
-0.219886612342578
-0.573351365324237
0.175366594607164
0.137702017562182
-0.0059462040254281
-0.331842494462939
-0.203157415632327
-0.396355415800766
0.129686482372574
-0.180223365223445
-0.0619070388320002
-0.259221611940131
-0.425184617835912
0.393135790863737
0.370818974536162
-0.196884920734907
-0.441989564894688
-0.271009325458143
-0.548379631206307
0.353617533287179
-0.321264934989894
-0.0990921595421203
-0.236991818572742
-0.121179763245233
0.264799257487149
0.401092509143248
-0.399625308703554
0.0525470844199458
-0.0230473139790772
0.42814824604593
0.104236677570673
-0.28782355413629
0.49180084698076
0.125324287372442
-0.445288743714671
0.20389256231233
0.323066341279595
0.0675928502979377
-0.227677016092363
0.0957155014839743
0.110052274489166
0.0695556903587106
-0.154231143994581
-0.0250337397884918
0.100601970010317
0.226353773923895
-0.218457502774871
-0.279282380414293
0.246272195151628
-0.204834747659408
-0.22072405110787
-0.162027865232213
-0.135142844681021
0.391515865006338
0.274201927498503
-0.206006244001835
0.542437405588406
-0.224622573014369
0.146444257783657
-0.0474632113581058
-0.600408443501285
-0.544376612833749
-0.196778291389018
0.374678400100761
0.0328461809460503
-0.0976945074401871
-0.0187532583514884
-0.322034165711178
0.140496591087609
-0.0906982099977058
0.225324915751531
-0.111500389050548
0.136510561175557
0.054167292955003
-0.13688104839738
-0.0407368253683453
0.629303749353757
0.597283311668879
-0.169215456897563
-0.305585732007363
-0.156962716963478
0.028719876886715
-0.000139084493503776
-0.190798647247556
-0.379096102419486
0.100159374202228
0.424097501321035
0.282285643729064
-0.363806403076528
0.0509193982437302
-0.353954940317377
0.0501769849048383
0.174978858880168
0.477481649177322
-0.103450893986081
-0.0585110951549147
-0.107640147956707
0.0890835291086916
0.00596500084068859
-0.200422350706884
-0.304286184805003
-0.13638198673404
0.134186517246584
-0.391506523288933
-0.119814518961652
0.196910275974756
-0.316728296011315
0.295292391730781
0.235209562498876
0.468536877143327
-0.735632253191313
0.226253186601728
-0.224805867124114
-0.0755952815122354
-0.395696200963839
0.128413533197017
-0.0498046029830101
0.012515527633513
0.076528483698069
-0.255780114726331
0.0383724296969854
-0.0652431120677351
-0.00846677494287814
0.265974988079819
-0.164596461462012
0.335398419555923
0.0805434170616402
0.180513215904091
-0.0695085725096313
-0.378256347938239
-0.0845948471128806
0.296408058552344
-0.603805983634636
0.306541717849825
0.18303639555146
0.114193229373648
0.455850360291421
0.20707203590736
0.126076206235066
0.242105346984838
0.252185881129594
0.119888062853986
-0.0286218190314296
-0.011650226566127
-0.163245607609024
-0.495729389657803
-0.145235430509559
-0.44775531911672
-0.0935276191374565
0.267593794130971
0.0329321533490969
0.569860805826327
0.454221871828141
0.374689756467545
0.0679231739761393
-0.601950062330653
0.0169982183839062
-0.318517277189403
0.202610361384998
-0.0580809284018394
0.289406387491352
0.303802376447324
-0.251368699470582
0.064984529199269
-0.0529650451646494
0.21219205181487
0.268204977865689
-0.643472522570968
0.158291795037873
-0.203374653161971
0.00933823902038009
0.0230985285093012
0.235132625759379
-0.160652340057404
-0.234223780954246
-0.0905412879504791
-0.0772602145777547
-0.290861058948479
-0.132875257371346
-0.354341845839059
0.12854233170662
-0.158711309233674
-0.164912233865899
-0.0572124613717098
0.509765501007979
0.0343060582888256
-0.140274343392688
0.300934511466838
-0.284551035933071
-0.26332569219028
-0.105251365122911
-0.348595374660718
-0.0668460797773255
0.0990078293294354
-0.175291690485435
0.391536127944986
-0.336482545407564
-0.297168226644545
0.159950010524222
-0.263931999735359
0.108076203325427
-0.0134440697255538
-0.0940641436403523
-0.643906641262936
0.193855541261639
0.114274110736109
0.058885925891137
0.217585454270234
-0.030069376026053
-0.299685454457869
-0.229466553255925
-0.146352844595532
-0.0393430637737303
-0.0394967703590271
0.0241583329310602
0.0305883321854694
0.217825689913498
-0.0451143417819179
0.238032642048004
-0.206281211977167
0.314441657369469
0.201612365139473
-0.152314984233025
0.0931108960150831
0.169420333591077
0.000559165012557941
-0.138630073725522
-0.445916369878444
-0.237845068367161
-0.13151194274247
0.230654611469031
0.420366647031186
0.453329531001199
0.137226298784206
-0.0761625972086751
-0.171232821136575
-0.0455790377295274
0.129206603526604
0.0110028041722166
0.0106148713983878
-0.416096584375631
-0.271473638255371
0.269476609511873
0.176708866381286
0.340367207239012
-0.367969129591798
-0.0155757286869213
-0.209583796170435
0.371919137200765
0.266035203811082
0.197643534978139
-0.0920461175435202
-0.0130674759198474
-0.238469732849836
0.0895187810813288
0.0415618850877952
-0.0387187531482432
-0.0905788496803991
