-2.1564345536435
5.26255686800593
0.553715989571048
0.212783375217851
1.41892774560246
0.6940933502277
-2.12076730007303
-1.70541783201284
0.524679487373382
0.0941782632321491
0.690272654139161
5.74646479666452
4.006448132396
-2.33493062591644
-2.89652811538943
-3.78057381634101
-2.71408629294473
-2.10351424805907
3.30953383831201
4.19194547572245
-0.0251007678634283
-0.453973090245072
2.73213090255285
2.10053526406656
1.45473625307078
-1.00103672192347
-5.90841466081674
-1.51531856187454
0.841552784070859
3.27646710494689
2.46329518592615
0.823512645788276
-0.5146128610451
-1.23831957079222
-1.36912836670352
0.958220159376448
-0.574525496457445
4.04086874218234
2.69476990812558
3.11240475661947
0.0100282833361725
0.251894099218434
1.73792287519163
-1.23408559535239
1.54719849863901
1.96952829285247
-1.12548937179363
-5.95250990834917
-2.84975377592574
-1.62994640765053
-2.20768094844933
5.70528460736997
2.02852510037
3.25824886465348
0.242392225785706
1.15901266348461
-1.1214210139464
-3.00855370541145
5.37588890470421
7.84003679953732
0.0615503914182522
1.38285432341039
1.00849078565596
-4.0710891887442
-1.19529596764586
-0.0177300323921126
-1.86628569781947
1.82225055475861
-1.73980254255957
-1.84720865602906
2.63391735333684
1.61116172861337
0.0129648825701227
1.91791870942805
-2.83385072143295
3.18000813196937
0.826678109834998
-0.0599858183327288
-2.2663603120791
-1.63031467989588
-4.03268987708402
2.96201997515532
-1.63023754890767
0.386139076149843
4.37233842335571
3.9195458501778
-0.755533908595642
0.382303123342626
1.01528424849338
4.41755785512582
1.96705593473359
-6.46183135756448
0.232619703144965
0.733270265754093
-4.71560813478884
-0.718279945771957
-1.48998596585717
2.30015717177836
-5.09416994340961
-1.30643033965767
-1.97581674695468
-0.18516448948906
4.28014271457761
1.68588767647793
1.28986228216943
6.41060900022474
0.455019752903654
-2.45040411780723
-2.20220669711172
2.86057184435505
2.42039419825417
0.563692481913036
-2.68157784860173
0.503202641790964
1.5745024981402
-1.75632122512393
4.82782438850444
2.74383768797517
1.97231796675726
0.945732792088182
2.17599069720869
2.71706800282288
-0.334135608203524
0.290482941787586
5.90308197308506
0.897952918309848
5.98614451341902
2.77673967258673
-0.595348769981885
-1.68946722568568
-0.630810641474209
6.62049842080532
-2.6834449723702
-1.39426660720261
3.35035040664822
0.164235303907927
-7.52094995248205
3.61582039949835
5.3378272069547
4.49110145913085
-1.71845571136355
2.45856495703264
-5.96072777884344
-0.115274207672996
-3.62336119325504
0.925248659127938
-0.407738234584018
0.96798166643497
-0.532805132017548
-0.354652040013801
-2.98721725288183
-3.03252652062712
-0.723634477086796
3.90427764544331
1.08845173343574
-2.91481528134714
-1.79470971416873
4.46675684413461
-2.43586824955564
-4.33658885482053
-2.36118660046822
-0.828625261940145
4.40808979946643
-3.40058446458316
-2.78855673457356
6.88018722873547
-0.879998933029155
-2.55680496153018
-0.467611592844743
-0.75668088377595
2.70955626671476
4.11107550202001
-2.41828976212414
-6.05034066612196
2.0125361672478
-0.826823200807426
-0.058059481428815
-0.401088401614053
3.01178307787709
1.14181100971464
-4.31173336433839
-1.93879466570804
3.05143833485667
0.771899395800307
3.27703611914842
2.6662595930497
3.43215148530923
3.7306011895481
-2.07614026312797
2.80813505693526
-0.203162690167027
-0.964207885519426
1.22658235458046
4.01335469310672
4.3809037313191
2.16074220099873
0.580028480863601
-2.97127595564783
3.86465099939451
0.0789126999126909
-3.25361564867835
0.670836055776374
3.36690038044622
1.13589030817286
-0.410678331080592
2.86777196706922
4.7607326080539
1.72132564230177
2.27455969222073
0.429498740004597
-1.55292851977948
-1.16231788867148
0.395079448681857
2.13025596436936
-0.636267876693429
1.47128953004748
-3.97921809385864
3.98065134452921
2.82463121053913
-2.77934294076186
0.119237382520003
-1.66010179906521
-1.38147409096118
-0.756780318581478
3.00643279429504
2.01964400741814
3.06602879864324
1.14156203493382
-3.9394702038332
1.7147249664378
-1.27337676209563
0.279248164601462
3.42627612492699
5.4699019249355
1.00456746893637
-3.85743056959034
2.87501938454274
4.55143336638129
0.905921359262969
3.91054266915328
0.603939539244656
1.14752993182482
-1.85836813622154
-1.23733210031737
-1.33475577842303
1.24448488496249
2.2718039049496
1.35295390569734
1.88869069600563
1.92090128051287
-0.284888545296315
3.48368140365282
3.57433824151863
-0.582232349488844
4.74851712823884
-5.84055179379851
-0.0740584491736018
1.67844707512865
-0.553478709330493
1.83259052219949
3.70648632925394
7.30211902355192
2.25416723630972
6.32831998652555
0.722988997757613
-3.32714066168544
3.03874143220803
-1.13264848210356
2.74610355210253
0.57613412590715
0.144296942181353
1.069184085426
-0.37142784915876
0.847230011023471
-1.84594785423286
3.05271217705385
1.83520454774878
2.2236292148477
3.68473690453267
0.971716539083656
2.68813975044687
3.51220651577396
0.0256713813256718
-3.52940490033599
-0.847343258508133
3.13094897617082
1.12638960172612
-0.586367103826243
0.305304741349107
4.62340755627287
2.77402023180528
2.70136693083858
-0.194430277213784
0.0591192022462536
-1.74984867403175
-3.72251360560841
1.57043997461542
-4.36274943853308
-0.0424374811327159
0.124201310559149
-2.39924798058133
1.70207212000299
-1.85577092612512
-0.552412254561283
2.02531923183731
4.84272286786317
-1.59281880239196
0.587476593717899
4.56308576736315
-0.749310756388551
4.56402315086855
1.85663192611957
-4.62711149305248
1.0902252507902
1.14557687677391
-1.27809325801126
-1.70322308750377
-0.82697052014124
-1.68405648679368
2.31668762550889
3.12988763244466
4.46195858434333
5.35130970003658
4.60083399635414
2.73613325641772
-2.02110445363956
-2.04799110759717
-0.333304133528484
3.90484258686358
-1.02764087636005
1.8261433951887
4.61390253778713
-1.33098806569574
-1.12206656644542
0.580169392409178
1.20854559788779
0.426049663984821
2.32949314667526
1.34730246805216
2.96410824630922
0.0899478672706851
-3.19892439299048
0.982603229844759
-0.0928263524777622
-0.0756979242522527
-1.91828994324227
-2.99522475737067
1.56238232403342
-1.12800952389814
0.998431784703981
4.5011208877568
0.761112320659269
4.77077154110686
-0.589155798899923
-2.81016739832002
-0.188978689787772
-1.31789642624844
-1.26822919791898
-0.618743191272743
1.86684909120472
3.9249469555725
3.41286077091362
5.14925340914332
2.74355703940768
0.788065033875733
-1.69866803471257
-3.91803705991174
0.149642768740766
-0.612910059294811
-6.21976026136476
0.34897660964643
4.92105713505093
1.93526253239945
3.54646275180344
-0.721401932676166
-3.12759750534359
-0.00616306209646822
-2.36266729876758
-1.91783871656376
5.37504503848087
1.92646012875806
-2.40037911873037
7.17018102742347
1.72634926565914
-0.674133642024172
0.812500969305612
-0.821853017583025
0.209643540728869
0.0642371069497514
4.38453803507897
2.77763391408337
3.61724168624337
-0.988078326356196
-3.90754626585947
1.23042650223611
0.581188103743594
-3.60582833577786
4.23181505769159
1.3813510520301
-0.292535488015942
0.11144398836784
3.15296371796644
0.872038807603178
-0.22605240684958
2.49436173927635
7.72210271347057
-2.22666657412346
0.397385552456396
-3.49606678993943
1.44656813301203
3.54029470457634
-3.33167554012565
0.307150889316533
-3.02663142041359
5.33035267506791
-0.361801784581827
1.86985142649328
1.2000601697231
-0.540839933152255
1.11401937680433
-3.79503536912699
2.66037482272779
-2.82602903453946
-1.36423568638045
-3.51295655427373
-4.42800295719437
-4.48480594910283
-1.51507116530813
1.72324820163068
2.57845874369572
1.03521236485093
-3.48242961136774
-4.40978853170575
-0.453432996147383
-0.381597913438512
-1.42490948765649
4.71308918106892
1.78773112667019
-1.57704207883311
-1.53482705804295
-2.6999849899648
3.64631344724926
-0.854506355816715
-0.472271910775223
-1.90013746572588
5.26070898396662
2.45552163189326
-0.0589388335287908
-1.86277851823352
-0.852727895020425
1.98829234892284
2.47181821180266
2.5778292074973
1.90803613063737
-4.15120600034112
1.26613926448278
-1.53864313410916
0.212514781043715
-0.0951278722914007
1.92905663216269
-4.78079606723144
5.09106955785858
2.09213150777902
-0.809279309092583
-1.28385681753388
2.30623619571413
3.61567179671968
-0.706132921432327
-0.50553041779954
-0.166799259491599
-2.33324524446697
-1.16190819032308
0.455855916345412
0.148381332628776
-2.440487568445
0.406248931213538
1.31351697584489
0.559253120649332
3.87816890650271
1.34587947169382
6.62720064876593
3.37431178310421
2.63819695810274
-0.101576422520286
1.99250724661872
-6.43457225733184
-2.62946595674251
-0.325814834201694
1.30828030980289
-3.1425587370393
-2.44655583906618
0.932527471088883
5.22301244319225
-3.17326999202721
2.02157231851643
3.35499410340132
2.94387338592395
-0.497316839227262
-3.09812061525692
-3.85579060598695
-3.90835018761782
-0.538738653700176
-0.370314770156139
3.84796066097715
0.313246373364934
0.395170433843563
0.513220295758195
-0.391334915526181
-2.19791484575892
0.948486716620277
2.74508043156449
2.16203211856086
-0.960798694704648
6.64262669408294
-2.08392685754749
3.33278825975994
-3.57567353098483
2.77743325909947
-1.93161053617837
1.59276285039011
2.1792715728063
-0.0794407743970205
-3.29836488910755
4.29942201081374
2.60472001872506
2.54483956802401
1.50897476133708
2.52306619617839
5.60600963117883
-1.86895351742476
3.88863547620532
2.06055597559251
4.45104135859342
1.80100204125482
-0.462869250824763
-6.83544278704295
-0.184637958457127
2.48163443266003
-6.06643300311211
4.14980270729663
-0.177485216179128
4.62754613777113
1.33579433452529
-0.134785751366136
-1.04235730843342
-0.12792879125868
-2.08805319418837
-5.26138790929897
-0.0956882716700047
-3.10049802302641
4.09104438501424
-4.02585140861379
2.28711267834381
1.78561298515766
0.114296043784353
2.66504503890696
2.97532576977481
-1.95130975154185
-2.3140741029489
-0.550986595000672
1.98816310327997
-2.17106554677591
-5.64742859986504
3.28829539011104
1.05116247251815
2.73309012256463
1.64202597392192
1.33257050639548
-0.914866922892158
1.63026308968959
-3.04063173615701
0.990920089164508
0.471904324805772
-2.60076512534863
1.6820186451512
3.96236303376995
-1.82030642031162
-1.38505684815819
8.06226505905702
1.58487961637397
-1.51404329191113
4.56570115870238
0.924630256243581
1.72180601912991
0.885826174399964
2.47202324867296
1.78191611800469
-0.915252479407103
1.8038930654297
-0.564200381708503
1.96890941694313
-2.77261778259697
-0.593129085642798
3.31965619065021
-2.62225184887949
1.20229459077266
3.35382394910572
-1.12807478827738
6.03116875603125
0.262052601720329
-1.63298349524646
-2.81691789118923
3.13821790701843
2.08841400718542
2.25929672716766
1.31114734747103
3.68374113405026
1.22486065555383
4.71810142598614
0.797631093709317
2.48819307026092
1.24582619271981
1.59193986347264
2.23749899952328
2.19278674992819
4.12757133622016
-1.51714595657039
-1.19262391826693
4.67303913678522
-1.15859566642054
-4.5313717321478
0.554148654416095
2.63162366269718
0.396697221296964
2.92028253800717
2.67684647007094
-4.81160821557573
-1.70234893803718
-2.31909582155842
2.35741556603732
1.24799387614697
4.61590791620894
2.727472074178
0.866831399263366
-1.19157760181995
0.413773067339518
5.65507292336354
1.7959595294832
0.318744337875042
-0.746628793643735
0.0466720403847006
0.473218094177411
2.10500147730269
8.56191921198661
-0.153897586749441
1.61770108504081
3.86475636849546
1.42333621844851
-2.23672946751017
-1.96337916447108
-0.103685545645609
-1.81568499052643
-2.10794070927454
-1.27219497299132
-5.6595525117093
-2.77532725230622
2.88594236199487
1.83994104234305
-4.13867908263739
-1.20998442006619
1.86369048031809
-1.23421615544696
0.178360638817826
-2.78993321570471
0.366359540963386
1.55413852090697
-0.609912396596225
0.774355056326487
0.205177521852483
3.44898331640416
-0.461512187982448
-0.904010516560373
0.975832687897659
1.32969823012372
1.57642826632233
0.161386107522693
-0.503822909236624
-2.30923757078518
-4.40328786821781
0.507427233745462
2.74678418284197
-2.45142457341417
1.22669882581301
8.69350285204285
4.20912339888053
3.34151322058776
1.25162454673932
3.80458182979117
-0.135934680742196
-3.86780420734277
-0.887218956103683
-1.69763134769463
1.04674822730847
2.83732678888069
2.43826659419046
1.13923870664599
5.14055151093025
0.542743409695986
2.88820968852857
-4.14397148409061
-0.877801372462508
7.54707203262654
0.883471369450167
-1.51915807323277
1.33590883342537
-1.9870772519048
2.1648496019147
1.0922585053272
-2.05316959057308
-0.253209617198228
0.0767742354510512
-0.80324666028984
1.9521514374592
-4.1386713986824
-4.80899307299512
0.663502224869641
2.66868337046261
-0.475378148597384
-1.55153794736213
6.82392044874322
-0.953014735366188
0.211321458068981
-0.209147221130225
1.92602024974009
-1.98601251778613
-1.5164519428221
-4.73444625717595
3.20640054301223
0.399805903317246
-1.7270869298161
1.66104581306778
-4.15120103839809
-1.1175258531608
3.92188104991471
2.7958521999229
-2.38929703256503
-2.11149399768248
-0.462363531492145
-1.45094473925106
2.84194149891615
-0.283217142946442
-1.33176975265977
3.05344256504819
1.38037384023582
0.048193177831697
2.67303476779558
0.502545910583635
2.242843293619
1.61286000587488
-4.15844952072372
0.0365963202882691
1.56379133900885
4.89518145239703
0.0687152609597556
-5.25957391791756
-0.0534637029979302
1.54337389961113
-3.75139840893852
6.63998694534269
-0.139936244827438
0.40675557043855
3.54049308376518
0.183766256081918
1.99923221994481
-2.62777483732423
0.1565101150677
-1.11194404861278
1.74965885628595
-2.82478488235105
4.44045594480892
-0.432012826615902
-1.05364838903097
1.94454372010711
-3.53122467387862
-0.0432136602717809
3.07384080132327
-1.25083154258426
-4.13609828501888
-1.6736293539438
-1.27825469734968
1.96351340973196
4.3930886282418
0.243434348203474
-3.94375215511011
3.46629017470313
-0.553537304301852
-6.54598491027939
-0.0393042299263506
1.87523093493789
-4.18308272641206
1.19664316245267
3.7030808562308
3.28756813839612
2.61327869669634
-6.53617125778011
3.01249235170425
3.21916829780474
4.42722123371007
-1.38302891924837
4.96752996705144
-0.207175823018437
-0.041958911314899
-2.71500512038536
-2.80758485402298
0.828491064108302
2.06982581513882
-2.36648764893798
-1.60061035863257
6.39289437142422
-3.76501361070395
-1.75137635912304
-2.47873099279003
-1.18943131245182
-1.36711496777774
1.80974279177693
0.412406915775395
-3.87681017034644
0.128103314421825
0.131615927218912
3.33681102067988
0.707292240281668
1.64360200003616
1.58379489149646
-1.39228200173215
-0.755787798385341
-0.507211715192384
6.4632511112808
-1.97877898676431
0.725198888755158
-0.209140242334438
-5.86362590904954
8.14969699975215
1.63366331053948
-1.31783589216884
-0.19656955826701
-1.21662253669037
-0.786961023615918
0.115414907904544
-3.27626442892079
2.50309848341658
3.88254376444894
-0.892216534816223
-0.790907819467628
-0.586237184054098
4.98662974219116
3.83096284387724
0.999335455997077
0.49844567076372
-2.03001234696638
-0.508597151569494
-2.59189140592161
-0.405479865078452
1.0504935270339
-3.94621985759388
2.2284616315774
-0.816615247146092
1.86013169815136
-5.24387811516419
-1.2404270154754
3.27312925679365
-5.88628474453966
1.00121794884442
1.27308506832205
1.09477143291788
1.01685195564304
1.73781251061648
-3.78896440159968
-0.527547280103212
1.99986488407419
-1.30290025706718
2.17495582536264
4.62716842489959
3.80858734003595
-2.69569010611444
-5.39477666801892
-2.3851789209394
3.60505904628052
-0.499651083618788
0.412726615313156
1.49662710984284
-2.36458283283331
0.760859366297834
-2.1858698636792
0.45812191483809
-1.84069286197467
-0.879269887476183
2.65594502980646
-3.49780133022633
1.61340848818124
-1.28345313121324
-1.41728709709034
-1.85351389474959
-0.183941696009619
0.177995122003586
0.949145460226912
1.18508652399425
1.84856474143286
1.59265568808842
-4.35402317353846
0.75172554690864
0.465801023287758
0.893817989746191
-0.503813953074267
0.300707937287728
-2.70250704263186
1.64793350434789
-2.48491166059498
0.697286147425732
-1.82489630115932
-2.28877992977227
4.77267731368729
0.498942592988534
7.4805267128495
1.17891062522573
-0.535816909153869
-0.364320234467788
0.70859014381816
0.792039007888417
-0.224566089159567
0.771308350018108
-1.73122603292497
-0.915235586873423
2.8134759691479
0.940767295924292
1.70908574169001
1.21811853527573
-2.58147128066689
-2.32979045546637
2.45118371077038
-4.57068502368759
-0.484358676363383
-1.15357814256534
1.71753685074232
-1.6400592198385
6.33245301027325
-1.70619547688946
-1.79686583649332
0.781792955130545
0.293054167099916
1.01840806296658
-0.417044147130555
2.54123847055458
7.23518828213246
0.22155547200295
6.10765940514965
-1.07374365424507
-3.2904728681819
-2.36244536182055
2.1924411919467
-1.37670864770153
-2.538123694219
1.63001075854398
1.70788061242684
0.258484077461973
-0.57625647090225
-0.581261975085603
0.581432308225033
4.59052137448683
-3.49170070298635
0.369986728154265
0.696622971167242
2.13103930945541
2.17056040576088
-3.47641863355871
-4.57246482571613
3.57262491619784
-3.77471157082608
5.70156089869913
2.66333898234293
-4.6840614241934
3.07816208876979
0.356042390238716
0.264637162802728
-3.93795925773472
-0.428672880523417
2.29788433283696
0.422059109575071
-1.21269302413843
-4.21489282631201
0.837961894212037
1.60519287358287
-1.48865359051345
4.71960843375598
2.20068293179259
4.06971551562374
-5.04663811922369
0.816452178128327
-1.95490416552979
3.37691129589102
2.61230018176907
2.65493870538178
-0.341408009907883
1.76479099691549
-1.99625295826207
-5.44604932269213
-1.12380966408404
-2.88821807754529
4.11936554855814
-1.73533654793835
0.527992245010061
-1.03288922695745
1.87720673240905
-3.22928149539821
-1.36010828146745
-3.76468196743916
-2.48454717356186
-2.43929340480367
1.44826678010478
3.78353960940229
-0.0688479340196095
-0.635465521223527
0.131700102765787
1.1174618112482
-0.597175947217552
-0.641415117181923
0.968882239516366
-2.4645876909735
-4.18042899261853
-2.49437178927069
-3.30877317925876
-0.248812140654266
-3.11404324088254
1.65789167789399
1.07185618900054
-2.92874663059042
-1.2229514268124
-3.14857148284978
1.46448907173065
5.011780416667
-3.49903965955595
0.689328869094537
2.73619895918106
2.26623133260169
0.0858718263223246
-1.9582973987229
-5.71103598402796
2.34286662274562
-6.10484163256879
4.56733883292719
-0.213063316262541
-3.94211558433117
4.85217542862327
-0.996349440473941
0.745926334244276
1.16321370363734
-0.211703771114197
-0.48348422250411
-3.08371631591013
4.65238887247305
-2.35116501451794
-0.919056873742689
3.50957757884343
2.07724719554045
5.75561841840854
-1.99392125722882
-4.33584323922433
-0.670489525205254
-0.164611725694204
0.498304673200678
-5.79836239965719
1.03279730654043
2.80922957966054
1.08870694582265
-4.87328787091507
4.09388210853329
-2.56605677943086
-1.29744446028371
-2.77402408339958
-2.38912067505444
0.515539345765574
0.861204397857207
-1.26356545997958
-4.52215610969957
-1.7579374247658
0.908794271439268
-5.71643458733103
2.76700746097919
-3.6367764267301
0.601713572429496
2.67832777841095
-2.69484141871784
1.74635895287995
-2.22687871745898
8.67405630861246
1.39480868747106
-1.28278959034182
1.05948331701398
4.46678040819416
3.53927454095924
0.0637832155961721
5.78663196716015
6.62178779703852
2.9334575938714
2.09227233105194
-3.08284754457278
-0.863694442178879
-1.87203171693187
-0.70203749893819
-1.59710506077192
-1.42125272917173
-1.98829669445138
2.3994116538173
-0.212313056999823
1.81797536263597
0.97459740251868
-0.605403407449762
-2.89421428351791
-1.5141346699167
-1.65143306196363
3.35345930984791
-1.61030018117866
2.17715725419218
-3.80169075959502
-0.818690436352863
0.782721827179526
4.32939916374595
-5.62393750889291
0.84551136075013
-0.362348980379844
-5.6603999415066
5.04612310678764
4.33800594045247
1.83239790792085
3.17845341380005
5.40146999813762
-4.25614836127374
5.38793080230915
0.170511978754145
-2.91961688169543
0.913247162151759
5.21552507767165
2.45474748112212
0.0118165084102828
1.7711026564627
-2.03680928201502
-0.492759587323465
0.873372730392062
2.27286719426668
-1.07583528734717
-2.08867143354175
-0.345518892838612
-0.491155362655403
-0.46263058463374
2.15680169906359
-0.677370027593634
0.575586987171156
3.66232122380979
-1.27280234663834
-1.61159136122568
4.53716057897339
3.53059619111873
-1.47327960268546
-2.20985678892286
0.391507080417721
-0.541002338315543
5.95574278171616
2.7406995487725
-0.38066679775346
2.29114972748355
-5.66512397244129
-1.88601948085495
-0.783253496897012
-2.48092561646661
-3.29681385906895
-3.34701335798948
1.24013033080552
-0.834475188919498
-1.36733834017848
1.93047795375104
2.4601074756721
4.23487946179222
1.98895393745761
-1.09448569443909
-1.39793082270642
-1.66336594719089
-1.1811227039188
-2.34840769134139
-3.75969553988869
0.926511034648459
-3.17513949574668
-0.238245688513081
-1.39072972294822
-0.705373042855132
0.122049073365884
3.46473924247262
2.70329670749115
-4.971498495841
1.15221996484175
-2.92881832712155
-0.331951558664279
-1.0181134772656
-1.57857264685163
-1.1085427105935
-1.30388407061435
-0.143386363771348
7.93723161921477
-1.06909462107645
2.96526382424639
-2.46370700512216
-0.869915103222335
3.0568942648822
0.448400651316109
-1.77896175573377
1.0548764127629
4.3420880464212
0.859756414585253
4.79265437810528
-2.21867213947892
1.56635507803893
-3.77936020530341
-0.0314019188815152
1.73113373047929
2.54539270045796
2.63216097305253
-1.21393389801979
-1.53064287962699
2.67253829067942
1.25720966319493
4.06325418700954
4.45661815437402
-4.09122092089288
1.10633860591252
0.732002295728914
0.943961481418777
-1.01167555460727
3.25815913451335
3.59423694367519
-1.40395912195687
3.66578791658521
-3.27775495777183
1.58662106035226
1.84319776196531
0.36088054217619
1.29380934594144
-5.25105804826131
-0.834308828042604
0.457881628456222
-1.74529001078375
1.03614674898465
-2.71932888532089
-1.6572196554778
-3.30175979736282
-4.04332826270981
0.196820219032337
-1.71633256843041
3.46852739164368
1.01124555486408
1.00345227712801
0.0911444264879009
-0.942249644562695
1.8414080695252
-0.997513577455138
1.91245024017569
2.00113102693687
2.14348391137095
1.07293939134584
2.83657699969386
-1.05197205158977
-3.89245288240741
1.34312287972228
3.23208497546667
6.11226820629697
-1.32002974019693
0.78189795500489
-0.225110549046741
4.17448315095922
2.7250345727779
-0.663172125796236
0.931161039422603
4.73583332361737
-2.27474623782512
1.55326838827964
7.82924657036661
2.62754255901466
2.38491104352542
-5.00044199708401
1.6271067854398
-3.42669539530741
-4.2527524771516
-3.46164501896541
0.369543029859283
-6.28135362214854
-2.59678542775406
-0.502927918935401
-4.88301810941856
1.97580432629891
-3.28266698023765
0.0539040287146805
1.05983936550957
-3.00154106328341
-1.19549730911752
-2.83792791858472
0.549745290111461
-2.77314227037062
7.17930292258779
2.97364741474187
0.271383788570892
-1.15255959045919
4.14972143783441
-4.46605389614064
-3.56981242832073
1.95032040325694
7.28500233238748
1.17490875005878
3.10030865844864
-2.74747817282387
2.4904683137582
0.172333939311017
0.639870862733373
7.09700767012709
4.03782923843519
-3.24436919490891
-2.96693928865012
-0.859347437152839
3.23378399768998
0.318799582851671
-2.07021396978546
-2.28824527472113
1.13789846608431
2.23186934645731
2.18002364803835
1.7050328880881
-0.55231144636613
-1.17355013706774
3.36070705588267
-2.28916672848494
2.65598924159798
-1.98516752817155
0.690864235156662
2.2599951127128
1.80148021588916
-2.13557858279817
1.83374178522228
5.23981821375435
-0.773290819372266
3.75635165029861
-3.12545516209595
-0.665302191268298
-0.00747538547793514
1.49198180351883
2.87386179419839
-3.79002802467413
3.97036369388557
1.52234409303009
4.64107542725319
0.193801674067021
0.602791962326588
0.813871363091397
-1.03077241977373
2.42878872395662
-0.463858897756875
-0.48414296066836
-5.13402223875792
0.813394784483765
3.1511916917819
3.66052915019361
5.80839847860501
2.31676293883434
0.593768145171693
2.89766686848217
2.32454935691812
-0.912221833608005
1.25561893225502
-0.0147337997350756
-1.34204632125817
2.94265659942139
1.94254215624204
-3.38968536859351
6.600886714261
2.3723629689567
-7.10572485553991
0.588982325916037
2.1505175048611
-3.36782688829129
1.57845563166179
-6.14684524102118
-0.757426795104889
-1.15138305596957
-0.267428074768152
0.834236274530792
7.08267628607407
4.37354349797104
-3.76275802268869
-4.38525846654091
3.37172623255214
-0.332350461413567
-2.20229603873902
-2.79542589643961
-0.208314882928665
0.048392448367393
5.93219131547722
1.35354334249442
-0.133399721975162
1.62394631615117
-3.21071088145831
-5.25204247455042
-2.99235641185656
-1.091831091102
2.22971776067417
-1.08357768040719
-0.527077995838523
2.05434337901523
0.408373357095702
1.78991991396602
-2.78232400389934
-1.88568119220784
-1.59313964764625
-1.15330071299018
1.42508980800049
4.30162384794041
-0.756737993138046
0.92223149401651
8.84116097794228
0.807448156898279
0.63350195841578
-2.50462940448063
1.89731046308545
4.01059874770494
1.82527457343668
1.46626891414874
-0.510069315850553
3.89930913038517
-1.58513481413698
-1.09582313414732
0.811858378411583
3.42574945077001
-3.241317860394
1.44738259034588
-1.30626167623243
2.23424162035348
1.65651805042491
-3.86502352619283
0.250983194775905
1.90247140922408
5.605457369148
1.81754557625911
-0.19042908916237
1.00873929669651
1.47046543908801
5.02258476849199
3.64602144834337
0.0423162935471957
-1.89946121559825
-1.19793726465873
-1.60872619377211
-4.7206935331643
5.83076698285238
-3.6449477712808
-6.83045316564119
2.06434537448602
0.500990865109462
-0.841456639192626
-4.40110265067895
1.50929844407564
1.28869961206429
-0.867491634005532
3.76727964668274
-0.740038713605555
2.03650550683426
1.28049639164118
-3.77559044399576
0.107205893820186
2.97703918673001
4.17462966964932
-0.303914856415318
-0.581226773225311
0.446698025230808
-2.17287352851732
0.765767481515902
-1.56510709143183
-0.263083042054063
1.86991157837061
3.07970426248882
3.39600554659438
-0.771237313929849
-0.266667136196655
0.551786389120826
1.65378760735267
-2.00811999803862
0.180389990030759
-3.83166620356987
3.28973506437136
-1.85892866396785
5.69369554443657
2.83214839295883
0.219564556593249
-1.32082601616833
-4.21072394843319
-4.18748947564641
-0.909345294957689
-3.12705089606394
-0.918764898259838
-0.593588520227949
3.53752131494328
-3.10533442375431
3.88786906014751
-2.36233339514206
-2.16578925445995
1.69533149392219
0.854329436686319
1.32979264556835
-1.27119005153607
-4.88291187444478
0.596235613248702
-0.671266313197667
-1.2533230979036
0.721342778166072
0.699766102746166
-2.82126260142298
0.626015266391014
5.50022919257513
3.11513625982525
0.431937906828553
2.66316128259458
2.52180444165301
-1.71230246596585
0.56015031043708
2.76278253301577
1.2203979036112
0.489887302874295
-0.389759431243071
1.44745681762416
-5.55473750973597
0.465268742406455
0.378885133185097
3.09339470673641
-3.9797200707573
-0.690985153568084
-1.92844253203521
3.29385071838304
0.870606696421706
-2.53886270315261
3.78158229860544
-0.0418141419512096
0.0990664211640232
3.02559193729019
-1.01869958642122
1.68021417932061
3.56666803735503
-2.25996190400711
2.87999588722976
1.86387847500053
-1.41803975885615
-3.95566916498877
4.59071764545546
0.140738336672843
4.01558263714983
-1.42565585390125
-1.63938224589358
0.60166937372092
0.828293633839008
5.91604093353789
3.47821733426894
-1.31265318152811
-1.77157584444858
1.06760246005001
2.43880951897036
-1.84806327496254
2.35613324480197
-3.60991802781792
-1.59012802395747
-2.2358367633572
3.40212078732361
-5.72156260080821
-0.588293385627513
-2.21633100982889
-5.35567979320925
5.46227984764369
0.935060868364086
-0.171636744002161
0.4029374109221
-2.12962429134812
-5.35119560273533
-0.236499388159536
-0.808169457673032
3.19485414385073
-0.871856851290088
0.298720887350993
-5.7735123536936
0.294932889566395
2.40348431586468
1.37668346046442
-3.21754020374186
1.6171288123377
-1.52267733194068
-2.96418378781483
0.186124990772536
-1.59517629991769
-1.82519795295647
-2.52174408837944
-2.6173290876158
-2.02800044014859
-2.54134665270771
-1.17795466499847
2.7833483180209
-1.90870632573623
1.07210687640543
3.0209755386933
5.55440293612775
1.60517293617599
6.5808264800826
-2.21238417672858
-1.10091666984478
-1.27056176210427
-1.32333044651869
2.87423350060564
1.47392022445853
1.03055778505661
0.98761715544448
1.97240333896562
-2.71591839809357
-0.508629570052888
4.05592658934408
-4.06119143290235
-0.49547171269136
7.24693366382011
-0.230114378452141
-0.107743534725898
0.764173825555777
2.19404831800391
0.801786269159218
5.07189124250455
1.35893526795977
-3.19137133796031
-1.1604892217259
0.757176089813826
4.61158178670469
0.587727361555171
-5.0354860646006
2.04696540031883
0.237777231285325
-1.31239657292056
-3.67078942286779
4.86730970812094
-1.01671384999771
1.42953009790854
1.9652065813788
-1.09061449370683
1.9216042427189
1.54065252870971
-2.81130857662858
-0.000997587424135749
-1.16358118664347
1.12950821459201
0.359252550477595
1.42444196181296
-4.35424842014921
1.33845953940799
-1.39157249579934
2.00139873542251
-3.47767265011964
3.3843503945892
-0.0537181364719126
-0.152692101272246
0.0104467407445481
6.61942646894621
-0.64775988017913
-0.282774037817987
2.43570559540721
2.59029254494141
-0.565550065187217
-3.44491898249236
1.52616065836683
4.26295505574151
-3.33356763930753
-0.73962569731328
-1.7094882365271
-3.57463557608341
6.71303179490727
2.55696297495168
3.48712059312628
0.262155905523822
1.65038531679214
-0.770830634158623
0.91613359992752
5.52909370344733
0.0390155246764697
1.38686848538183
-2.04599806291847
2.39415561740081
-1.74477885508359
-1.94601357197685
-0.0342133335916516
0.579282751271905
-2.2161174123212
3.89460616005638
-2.21894848268195
3.42552656816648
-1.92434858561061
-0.0972797828760825
1.34901097781268
5.05674766016574
-3.42290848042456
0.0664129354249827
-0.603997611405034
1.57338556759267
-0.00549859231584726
3.4790561749713
0.378394495354559
1.3228431162882
0.576211008275856
0.923776440717725
-1.19143415791273
5.06304215471861
2.17691756138881
-0.202947100509768
-1.4719622968049
1.38597610995914
0.538001755306095
4.28683560811573
-1.59530661904059
5.87456116622557
-2.20765261862345
-1.21924154181663
-1.8648802383873
-0.641213229148301
-1.59455247560128
6.16453404587744
-1.42570364557537
-0.645777761914535
3.07014705541856
-4.93899498101023
3.16614751375135
-0.0190841222967921
1.61327801488826
5.79243255229098
-2.98252293632861
-5.40720577722491
0.853673395654514
4.31687600348709
4.22518452846479
1.56239419851852
0.391736134061692
-4.77370698121749
4.42513082520321
2.52378221733657
-0.100482264527705
-3.48871040018439
0.375010261858095
-1.8778080762644
7.1552618928871
-3.71589748447335
-0.359789366455433
-0.735456763522175
-5.48680932413143
-1.76629193678178
3.49277309123663
4.05095440441799
-8.37024194682519
-1.75053316216062
-1.53514194548862
4.03943634225976
3.54495016994126
-0.078109822662635
5.07347556021945
1.21951798273132
1.44758384948423
-3.33336078767163
4.55204413053099
2.66397212207426
1.98639681608187
0.606825408937228
2.74994610916031
2.19702305478384
4.65734539161393
0.753462227598365
-0.431204359561667
-2.51907794153209
3.55961319443515
-1.68978164192
-0.837168491028723
-1.44782991145344
0.294598915685135
-3.41010212325792
-2.44050069264592
4.40913777628351
3.19571600756267
-0.744801554571262
-0.178649374326272
-2.65873822175799
-5.03237095595765
2.38896417612042
1.36419274049061
-2.58462041858725
4.23120286764604
0.24411447850014
-4.46610928274392
3.84489881566535
1.17711644804086
-0.0235732121819454
0.208369126069283
1.40281413409552
0.652857360427206
-1.70281567291173
0.997349652946133
5.69941526262351
-1.03787147214008
-1.8422710647343
-1.73892402095523
-0.691397702306438
4.38578957331081
-1.98523218693403
0.930943918047445
-0.620831611044972
0.494611789818166
3.3776609290021
-3.29790445436286
2.04770876829794
-3.11196012795079
3.44769990769517
1.20487147602445
0.352179490055277
-2.76701754615482
-1.36336460058717
4.18800500129299
-1.75128200337892
-3.02021168384251
2.51720372970062
0.53032202802246
0.236687964275626
1.85594958492886
6.95478930595096
6.77752751941937
0.329200078536227
0.0389364133740653
-3.70016379494867
0.451979926581196
0.622709320041396
2.54107612508441
0.971742264448726
0.806974563534329
1.01118139195766
-4.04180754519813
4.51683042112533
-4.49869373290302
0.683667362040324
3.41960586633327
-0.0607540835362332
-1.01515499232766
2.96778171376705
-6.16103955773081
-3.2767775172076
-2.09078542964686
-0.514655332504886
1.3577812288937
2.42445949201486
0.687766137951177
-0.917428820687175
5.30172213860165
0.603461463426613
-2.8464035750235
1.28021374924809
-2.14609164519145
0.211124646638635
3.44696819573098
3.75092906100005
-0.506817473412741
1.2008973806685
4.1322416585264
6.2256562475267
0.873113014445755
0.360278092616957
-0.518324715231677
4.57796253904495
-0.424158230915184
1.51858703426375
2.22729860159769
2.22666566306955
0.751155574675357
5.08662614220499
-0.174350399763141
0.891105242452028
-5.66503007803571
3.11573679281172
1.68755684376175
-3.06925590571861
4.2066107432378
-1.70298555086136
0.940914293222803
0.385057076423817
-1.43090753968253
-0.137086380880942
-4.59774300070902
-2.85342370001949
-4.04437467963197
0.59738091723203
1.29766818495636
-0.943680224266011
-1.2487860823149
1.51056512390618
-6.47669330484161
-0.746301598345506
0.858381156368522
-3.25217237908274
2.46231569318016
6.36868856903693
-0.541928735671478
-2.75735642847359
2.5452541443015
-2.41835413432661
1.83760001592582
-0.767205943176018
-1.0628817287692
1.02461351023158
0.491957928934605
-0.123884549846429
1.21185372566531
1.43240870014736
-2.96976051270071
2.14495443236589
0.639799797286679
-2.59728019578184
1.2657716395376
0.245551638260389
7.5365912775217
-2.29751681559287
-1.48292545661087
-1.92695534833772
0.805905599149697
-1.25151196594745
3.34835317501762
3.92503042013968
-2.16204140100814
-1.67028092149666
2.47612162167105
-3.59932351679818
-3.04305790647104
1.84525734271056
0.113265566989487
8.00687642590572
1.68148440289751
-4.97286065668313
0.191880034425925
4.14907983491713
-1.40358945303089
6.73824485774448
2.97313135559855
-3.25834028160439
2.81492282622339
3.41468668568006
3.39777916560089
6.19846578289723
-4.2908637245
2.81633276872559
-0.440445645388112
-1.34133391875242
0.0931668119915577
-1.63553993365521
2.48849526285902
7.31257505927609
4.11326123655602
-2.85718698522355
2.34160420441959
4.43046861078323
4.53242046529063
2.40815336397679
0.895462494288424
5.43314583056536
0.611384224358906
-0.269853616855376
3.12472654174844
-3.3678096992397
-1.62935512698544
-0.482432006609249
0.753298531317649
-0.38507995990502
-2.84179792511501
-2.74323334157186
-2.55145535938016
-1.54286067886593
4.38472692769922
-2.68345542951983
-4.48016559072216
0.874909648697784
-1.34262231417589
2.35235977434262
3.64911042732803
-2.5814889867373
1.23262379584777
-1.25268190853311
-1.79399868543834
-3.98476561600615
0.65940629787573
-2.69980439413069
7.84827954802268
-1.14035472471699
0.800031211951641
2.76840193824314
-2.09515919579933
-2.38223612111935
-0.00307762428641056
1.58923672616223
0.385177776171944
2.80651248644673
-2.45177448174299
0.896213364575719
2.03438277082735
-4.08999747198065
2.74833288666199
-4.25434768236959
-1.10142310686225
4.33443824534285
-2.39331430737307
3.19611057521713
-1.69736842690041
-0.358694065602035
-2.80123968044737
-0.739710864786183
0.675482410136395
-1.82396028602656
3.83849543295666
3.72545764137731
3.92436879567185
1.37214317299531
3.78610078513591
1.23792483420411
4.99225307778027
-3.80469003328896
1.66503985868793
-0.943632981358624
2.07377676485698
6.0321831791987
1.39493738157174
-2.04664345220608
1.34691803618658
-2.00732869945271
-2.87422290087458
0.963713109583329
-2.40127851811605
1.48691209949304
2.6857329356304
1.2181005513835
0.927324799593569
-4.32222002604467
-2.28121980884321
3.02024203338016
-1.4053185848056
-2.08314868447208
-1.87810182211496
1.74220664673681
-1.58967411926659
1.88899543058542
2.80367057456308
-2.47636233520303
2.99531459237206
-2.8784400084051
0.574502309475211
1.35831838488467
1.84157288016287
0.935465715929243
-2.01028337012259
1.71203421173418
0.519275622790146
-1.71701595434036
-0.97199288483098
-2.89361573637855
6.27435829010688
1.17031925201416
0.295968011413126
-2.19522899916398
0.270787797869195
-0.319864336733744
0.713576829455275
-1.79646825428501
-1.42380250931452
2.30711838389904
-0.000252508848611166
4.63448143167276
1.18803950770639
1.12875102571848
5.48253263202871
-2.08695028666634
2.59326351533033
1.72911285691663
0.260004609766373
-0.385251943775161
5.05495966738474
-1.05771560499942
4.40396033029754
-2.62161302138702
2.6007423034557
-5.26859648404838
1.21370167224469
2.48854423304584
-0.234068692409751
0.28034641962002
2.41220602442542
-0.0515747644991268
-2.29537319171696
3.23576516604227
0.279753747533033
0.785069393083079
-2.40871439535578
-6.00964510630895
0.072970476776372
0.0985166696839784
1.63743504765803
3.17945231628615
-1.08863375787954
2.48324318459292
-0.820513272383983
0.159671084488607
0.800275734933717
2.07610935215969
-1.05507279534249
1.06519327798304
-4.4746407100993
6.98184867619316
4.23367274415199
3.33223368490623
-6.14410234231486
-1.86835870086118
-3.13382749064184
1.47446866449634
-2.62632815687722
-3.30497580079116
-1.95614049760338
1.73515358159591
3.63306507791868
-1.32052505715297
1.04174735139223
4.17463629268273
4.22869964593713
-2.29285003273673
-1.34275253043183
-1.16286964182898
4.35261820972688
-2.14864813299723
1.23851192162508
-2.87912518306857
-1.41424615628866
-0.693019764556582
4.06859899382351
1.0357410268026
1.42366567820945
0.158009411594455
-4.00918969771398
2.17867222168336
-2.64385042651483
-0.577582565270065
-2.31835460230178
2.66170596407188
5.1539309958701
2.06013718317349
0.132619893916375
0.516016690151539
0.144809597394489
-4.84058849525201
-0.142426751028532
-2.79236169039555
2.30769081287881
6.61828061019479
1.99137175981409
3.6837708599844
-0.19297344898028
3.05030819051007
4.00745071840645
4.04801272711274
1.52785680292526
4.99803527232039
-2.64353020682919
-3.04522322275666
-3.74785079170183
0.147498673278002
0.626533573597443
4.22244209014272
4.33999029670276
-0.401665972196931
-2.08155104716294
3.58479254072892
0.348897942262039
-0.80151749837269
-1.56430258649791
0.44933719533249
0.0775515493314928
-2.96193816353145
-0.863813388607583
3.50363328122132
-0.915316492463081
1.37376427733152
-3.6218806760332
2.67382674678679
0.359745947341086
-1.38065919924494
6.20733048349278
0.377609186946952
-0.543298681764198
2.90600491160981
2.73287536412566
3.6169150071519
-1.90205922814894
0.430182052090961
2.539158310296
-1.41779341821434
0.725840017320955
1.02893602261983
-1.09130195216551
4.26910776327024
-0.882163939010596
-0.970674730825948
1.78677520945591
-0.917862586264309
-1.80084430506823
2.88084920801015
3.86757380352806
-2.58024601532445
-2.48074468367525
6.27540083780072
0.479048051231981
-1.81784724231328
1.46037435408832
-3.10117149579722
-3.42068373914264
3.83284035131544
3.98732603970191
-2.20890583682634
-0.519532307875343
3.3408844393431
4.4472547300433
1.56259314751779
3.52412909951143
3.2052121677526
2.47828663058616
2.50789549560512
2.16656216605138
3.67728683578159
2.1319307621222
-2.7264578806024
0.919557827113819
7.80179096479329
-1.29684251949117
4.18747307709758
-4.29327038317965
-0.532969307809321
-3.73376528775092
0.167998892577885
-1.81716929074463
-1.83246882887579
1.30510283861892
2.65186456686115
4.28071887135057
3.26095179944872
-0.65241399894257
-0.888104692002605
1.43591123328766
1.28698900103701
-5.65808530835884
-0.963582155968047
-5.24125438441182
0.999775417467059
1.61547501024622
0.0620797427354657
2.95155216090648
2.16265059060622
0.979216049086788
0.471836657802929
1.21934353974183
0.826993053332405
1.34507360828058
1.97155542722951
3.93748257641447
3.63159041853459
0.14439481852715
-1.05439204583792
-1.85462850337322
-0.801511450080884
-2.21462968052524
-6.13301877611408
2.55248499152475
2.9394895566785
2.46980395485606
5.27480828945582
0.793158590955424
0.987208228033154
2.16728121849843
0.911547428395414
-2.55452478116305
1.49866806875276
-2.58063318612995
-3.85996583984985
0.766800027627751
2.40728699976936
-1.59698684342365
-4.40822517277927
0.62191906135798
-2.72679140096728
1.32931815828866
-2.34166098598959
3.09952688885092
-0.239861537555376
-2.23839205398427
1.37976637788654
1.231094448544
-3.17066391822847
2.55883890350315
0.536029955476906
-6.27406187835363
-3.00233877419722
-2.5521672718846
0.799436959697651
3.9119116268834
6.27173470531126
-3.80226436059631
0.204608320901649
2.47254282398286
4.87912738048953
8.05966024136596
-0.282548051523654
0.47031217471469
-0.112517904282582
4.38696516823673
2.18716096762018
1.95927993978969
-3.49264465576515
-0.453721383688204
-3.2829987080452
-2.14574925753483
-2.56808579485809
0.271404147106036
1.70458196175638
-1.62996255027588
3.01304968092342
-0.601715848541345
-7.53726887761023
0.938660813883182
-2.69270229974988
2.33473704732088
0.642297069359174
1.91447753110725
2.89183122690151
-2.06284448081344
-2.51843182278611
0.23637681419696
4.18354232186572
-0.397874673420166
-0.269688111520735
-0.24272273063862
6.50065809507972
4.02057106195438
0.15164858305561
6.41765430455141
1.79806257276636
-2.24509221397876
6.13091827971358
-4.13621686966544
4.00541083867145
0.45002019159286
0.763354536563886
-5.8232283438507
4.05797944995739
-2.90042471523134
-3.55604238067237
-7.23982710437672
1.75093063275945
1.96573944226218
3.49937167780452
1.0966664632238
-3.18624353402046
3.84440059330838
-1.98867591237134
3.51909431274991
-2.5535750203195
3.69554077219603
7.09508577459453
0.670806533703202
-1.55824507147518
2.54643520515161
-0.852139606777962
1.54384813799574
-0.997454261391181
3.8456507508211
1.85551404709217
-2.76967718444389
-2.98830005769022
2.34489074909196
1.67607396081775
2.82265195001143
-2.6810234466834
1.31111172556508
7.16714072212147
-2.09648010460499
-2.00921160705347
-5.01547256385763
5.72260738072911
0.929729600334392
1.77910375581377
0.638832625367743
2.69964724312862
1.82720029823817
1.72091648691093
-0.117156504219526
-2.7825704271048
3.84586681251918
4.99056627517213
-3.42968669639693
-0.391370563172141
-2.47002041984389
7.03552367096095
0.993657774075301
-1.85033596968475
0.652997826671188
-2.09546671391563
-2.70643114035961
-2.24083759220531
-0.225671361498359
4.95906049264366
-2.94542772708536
2.29118980156065
-1.19451693041606
-2.45543785209594
-3.57149945817328
-3.45960697834226
1.67417738713118
3.35563531102164
-1.00736549980012
0.158378319056942
-3.2341979927468
-6.85196403421221
7.012885094752
1.13663555544856
3.75906027300373
0.192211350699769
-1.8787631742841
-1.09450312245765
0.835313871148514
0.655589484367281
-1.29063235329005
0.0719389281648378
1.40193981221279
1.67696308490515
2.31039287302824
1.65553408216587
-0.385225027352804
-3.17786923340054
0.74477415085712
1.79302111785939
1.04438432349383
0.782566363904108
-3.0482397148396
1.76134151805693
-0.0224722812355163
0.54927229108841
-0.277387202860424
-1.35110671018542
1.19624356113089
-2.73977627432014
1.19849515939115
-2.40569386582164
0.18339209076505
-0.570408182660385
0.926246481475787
-0.220165943081674
1.99181650970843
1.04579940051098
0.656809204227075
2.87798837523182
2.08976569144345
-1.98167789164559
-0.250615593153197
1.17810598682312
2.31390699571134
4.0819979482171
-2.58264922821548
4.44763410821669
-3.61231202090039
-0.943848744575193
-4.78179795980086
-1.65485662369794
0.86342858544736
1.44578875072262
-2.86282750344018
-1.49806454654957
5.2261057700982
-2.18881759697644
3.47167726731454
5.81198888946125
-0.696363174711532
-0.105841669777149
-2.27939552003609
-0.716912150796292
-1.5559048154105
-2.00343575423618
0.430870133175321
-1.31818013494129
-5.63733136909029
-0.341044491908125
3.78451345984621
-3.59919977298773
2.20895974791582
-1.77028887252339
1.88739957766411
2.11946187862848
0.302885415323391
0.201026623744287
-2.60383658668604
-3.81343500683354
-1.06017337266392
1.98886905297265
-4.01082311307641
0.503805152295826
-1.64115283349593
4.70509805524235
3.96370697130909
-1.70144061304196
-4.20170710788185
2.42281922229228
2.99697270418391
7.14973007614556
-2.75315650445752
-0.824482196370351
-1.94866062291503
5.05190847279205
-2.79353766670265
-2.92428889504261
0.430020641474579
4.52996659830816
-2.07145525594975
0.799208007448769
-0.295468123623755
2.44633792600416
0.532230855311819
1.77383733033338
-3.03175228668259
4.36982623877335
4.54222937239658
2.1868570391066
-1.31233692834924
0.317408176742912
2.41471484855817
1.99288674100893
-1.7102893455644
0.0784053716106572
0.917039921783578
-0.684830046583683
-1.66971925821964
-4.42296631440893
-2.82027322097304
1.4261516515204
0.334780921310614
-1.37151942344394
3.59109817828786
-4.34110832039035
3.85176410254452
0.820700384723196
5.83283975861957
0.6075617024575
-0.244174592011593
-1.21866955209547
3.14473796670897
-4.44733376278476
-0.427561689293902
-3.32894562980001
4.09917316210191
1.36792503830639
1.59751291042506
1.16952409624374
0.595548148017113
-2.85779332867877
5.1443120488428
-1.4997492134996
-4.78784027682562
2.96115277761665
-1.49421304646026
-2.62271671994756
4.96221884261848
-0.471713500677138
0.546201067677302
-1.70618684595018
0.305366225063048
-7.4245636270708
-3.01997157102536
3.25398016767934
-3.62270087535692
-4.44490098578421
0.914580933770086
-0.0406618337855758
-2.21706432286481
0.0675105189957932
5.0990934979389
-1.8761654511842
6.31760439294841
-7.55033817601402
-2.34149028608529
-0.929656342073298
-1.85785936600882
-0.773718192879709
1.57237128886423
-0.0282784188183973
-0.843939694704792
-0.46370306181941
-1.98083209654749
1.32211976123178
-5.85354849126966
3.67531458111211
2.6007804471106
1.77480188705425
2.46139097071128
1.12130862716732
3.52148286462455
1.12826861105314
2.2862499123132
1.20428416748011
1.10600865706009
3.09261764685901
-3.14697577586751
-1.30318642395523
-4.90406568247781
1.90667417241497
-4.00593722278913
0.662923743721894
-3.5218321460911
1.44273641460889
6.45283294034131
2.99329362502551
4.8641207691951
2.6887303396933
0.390089287383332
-1.03948084483132
8.39712585973099
0.332806470602275
4.36220696911343
0.707088455717411
0.402031636125835
2.95971384324278
-2.13046848144629
-1.90424841868887
7.47461764554571
-2.82264440491736
-2.87017046571061
-1.99267118378078
-1.46280636103628
-3.1906458949072
-1.58305974410457
0.70892324457928
2.23961941410071
-4.23587323081812
-1.86201669637411
-2.0306533326577
2.74551678886726
-0.101025787306564
-2.65367412732289
5.42285761807732
0.365149453857759
-1.31436056873794
-0.565541113194993
-3.42747050588762
1.50702210459387
0.574751282530836
1.42870411909713
6.37296490966255
1.31014293073557
-2.88132644514145
4.35897159971349
3.05769588902521
3.07608397859459
-4.66621585086888
-2.11630722095877
-0.262664713017826
0.0532092863722636
4.68981843168291
5.96387071165351
0.574489472015905
1.88738711340912
0.599608890366643
0.480178788348951
-0.412251923019789
-5.66908039845328
5.22882725282174
4.132968833721
-3.2840453880873
0.87295151237214
2.16149612235596
1.50524912542091
1.47779734805728
3.08645475432884
2.38711582455924
-1.2001008524415
-3.24362884885696
2.33135579185196
7.18925145771963
1.91541453053432
1.35180518428081
2.03021923912591
0.528198232238439
-2.1819606981108
-0.245718400602317
2.1288539844799
2.06300564487664
1.84885315466383
-1.55215234756363
1.98486955721508
-2.83638896209819
-2.15815300413497
-2.69173518864225
0.570069722224799
-0.971564106841039
-2.65301909600201
2.82505309989018
1.10053628386266
1.4598222509582
4.9467677193541
2.76870647118357
1.94098132907534
4.97863803278952
-1.42002905113995
-0.0272724801106488
-2.81533723642481
-3.43621899779915
1.76178527574149
-2.41306323769373
2.87573665013306
-1.53599153965159
-1.96410016613814
-1.11968796527195
0.741375033352506
0.445108431915962
4.4308521859705
-0.223137174149186
-2.34788284509993
2.25962701398932
3.86659903269182
-3.13884725603465
2.75680015466613
-2.44217795296809
6.63498496710144
-1.93241414660757
-1.72530053988913
0.640737453174302
2.99963692216517
-3.5317242895055
5.96768201180212
-1.53788264889862
-1.06384975289138
-1.37264467916946
0.574558037024031
-0.673576880461328
2.69924382260872
-4.48083385715934
-0.0987789214594482
0.172901414923533
1.65260978948789
-2.84811019506642
4.29055654503509
2.83912396678759
-3.30253459871901
-0.385880766172635
1.46750588073374
1.14988426495969
0.365047162605526
4.53671335359316
6.68286025036229
-0.680550008883511
-0.147905518771951
4.16099530365827
-2.87402787157118
-0.382910981493417
1.04693754288178
2.60375933831347
0.0203902278938771
-0.0342569046109619
3.67554355105497
-0.233583932393759
3.14393729991658
-0.151398519768863
2.05765000327829
-3.24090368382742
-3.51726371432942
-1.79652524664024
2.17743846352391
-2.79950065293073
-1.58902462930268
2.51026398620868
-1.75332053468127
-1.40286205936392
-3.23079695928245
-2.54772924185211
-0.947571376751254
-5.33142099885663
5.65175091884358
-1.73760347882607
-2.05965133747868
-5.88184023081314
-2.20795253147501
-1.46744123572563
1.00992044474202
-1.69432249384954
2.33400595972948
-1.71248471400708
3.60339761344362
3.05107659084779
1.15442643928378
1.18046380337375
6.30418667386342
-0.142638832595766
1.57699702446444
-1.2144707185618
-1.08751080866994
-3.59082312047462
-1.23751241771739
-0.77535651185759
0.688274796151424
-0.959316485109744
-2.76732718492056
-1.02761998184923
0.885991305180014
0.990970095924764
-1.83549296446981
-0.027496117556201
0.675819886408507
-1.48114542966093
-3.04239536110413
1.36755394228872
1.25419254712029
-4.91790785771839
1.97097324712037
1.03804735200453
-2.38135311187904
1.04402325917579
1.1934864151259
-1.19823411195032
0.366954803935325
-3.43236976111512
-0.198911459406976
5.49566927068706
1.06225011621435
1.03350606974077
4.45215888017175
-1.24658091297453
0.814794462387803
-0.34312843264233
-2.61943035916383
-4.01661871561846
1.76407760819516
-2.54711370112222
-2.40736825716003
-3.46664111158294
-1.52402178521928
0.671832541468332
3.42326133548247
-0.690033960480467
-2.73220588817975
2.41064887141692
1.10692999943009
-1.39152271148811
-0.149549286064858
-1.1151681357839
0.270329689497356
-3.04564210277174
3.58300892378858
-1.07856523950973
1.84615377663966
-0.725501398418249
5.41790929611462
1.96099759995911
0.870290690252945
0.133024306359712
3.45292601744097
0.172259453170793
-1.40477537611625
-0.600633898988021
-3.32770133004342
0.0875405131158833
2.08468313874028
-4.02439502803013
2.69498117081394
2.12177812957034
0.408399786469213
-0.280402968764458
1.21454297439813
5.74897161224502
3.09356606346185
-1.28644489877675
1.41167849483176
-0.958005980457728
0.287868733014695
2.38548176235118
-5.17804195305299
1.6884545177077
2.43798676672668
-0.131438261736347
-0.712794676917255
1.27442737790775
0.0405514359988484
0.0095243363843307
-2.31203028416281
1.69257680579932
3.36744964249941
-3.49600780041447
-2.73175744694828
-3.74548889399005
-1.13884198337338
3.06772291849745
5.73438528310431
-1.0787770022093
5.64200180014672
0.298310128601846
2.35498337711593
-2.4596066076738
2.40104812901558
1.41633701288339
-0.881451944980047
-0.361418195496323
0.559270266055322
-2.82512576765128
-3.12377758835226
-0.474907989630836
3.46410158483643
3.55466900280807
0.468178256001139
6.96017961892282
-4.91807222674177
1.20345067919713
2.03421825858885
-0.242187208515888
-4.76154537381228
2.36267864553675
3.42271285003431
4.12918359021651
-0.880377738185689
-6.84308502760862
1.17931105879958
-3.83439578366143
2.11501472917546
2.60095926710916
-4.26642960702232
-1.66521129053105
-5.26979819696449
1.71129741959291
-1.98523259583597
-2.42987944143742
1.67323024936815
-2.11510228554001
-0.500900183138071
2.04204122513311
2.66862233809826
1.566925911267
-1.39439404420272
4.72493403398561
-1.3445329480158
6.40122857675531
-3.52234317641968
-1.40283828168246
-2.89646221050584
0.649233569865227
2.35215148956749
1.32460991195384
-2.42888212832273
-0.708996017093484
5.36748925068584
0.979458518106352
-0.171633934516929
-5.33309422159448
-3.89414312538885
-0.929932267597225
-0.936397228801659
-2.16318564547357
-1.79511013859261
-2.78514002267369
2.89281111979997
0.325425246643834
1.72587838507281
3.41670341927718
0.683439193021661
0.945575736601923
-3.91990047636303
1.06958215175117
0.126639503756006
-0.927763194205198
-0.412850515322519
2.09783378141088
-1.57708504898121
0.283910743598868
-2.06596170173874
-2.63625742349066
2.69752370621107
3.02606618136738
1.16439406101687
1.23048661397187
0.530937324062929
-2.6073714978748
1.48419788477077
-0.657022032166931
-0.360046535207221
-6.14461097899375
-2.08502339251676
0.257162828286492
1.10024277334902
-2.25401477065277
0.326028558578002
-0.0113618879586358
0.436071287929224
-3.01620273168396
-0.554453880935756
3.03492469711829
-0.446799962830309
-2.95609595625074
3.48326634011427
1.86601910369977
-1.57581282470932
-2.18943039335309
1.94173730175061
3.54232622831121
-0.0982729654866046
3.32938327104554
3.62329932720104
3.31874754404382
2.53596299895198
-4.16033106211332
-1.64427846356602
4.11004318816821
1.45852817863054
1.2303020272969
4.22231151286472
2.3269038114443
2.92571440334282
1.26395147479236
-0.753603025661398
-0.730416686948886
-2.16092622705104
2.45763439591564
5.8121180782956
2.52414634760376
-2.60542551196591
0.777424073927229
-0.767778939042322
0.704211630842868
-4.70569414461972
-1.91939887191859
0.92811747444541
1.3025760808753
2.85559010221855
-1.62806429363315
1.18301532815907
5.58386770643695
5.17338290711955
-1.60143950015286
-4.14041182697285
-0.254630882057719
-0.336186708930826
1.2795908594887
0.165137715110079
-0.933274709097994
-0.187279283529148
1.8235549930346
3.07511207266331
0.61682667514029
-1.24687534578874
1.7729577603581
1.70268158671757
-1.18246174413433
-1.3329859232747
-3.19670950076576
-2.95996437354826
1.37033898052272
-0.713565871314304
-4.12143027917507
3.12527448226692
0.781203156723434
-5.17820576834443
-1.98051047809344
-1.82446070942527
1.89670043894146
-2.61455317198828
-0.865217692828278
1.79515608053583
-1.76629263406092
3.36248745731359
-0.188021555963623
-0.0834075658122384
0.196147442596962
2.88622147138257
1.28466313222491
-0.748082522578803
-0.0880924536829024
3.74207691355693
0.0439736578709167
2.17137642530101
2.52688314946892
1.35278060487037
-0.107105478365145
2.08321660128155
5.6592952215961
1.95186326582245
1.04624587883464
1.15024474658585
0.0179314006925999
2.06254376160167
1.88146126129478
4.98963858577724
-3.74889201303831
6.57992044510019
-2.35114324016368
-2.10090563492153
1.70201228417601
-2.32926585266669
2.11460694379375
-0.410623019583851
1.2202924079907
5.0833769375077
4.34754078307188
5.09992681380759
-4.31768853528168
1.34308900032187
-1.92684314495687
-1.53654083039729
1.79871716837713
3.10478503715868
-1.49479397002809
1.42119136978681
-1.60786831556537
-1.45440941994301
-1.4632016019258
4.29687416358175
-6.38539857216623
3.76789157190951
0.0316040884406346
-3.55207078828714
-0.995213381922117
-5.10768058229011
-3.30073130959694
1.9322022928283
2.36136441896395
-0.349187187537996
4.87922345636848
1.59833867120304
3.9336379882541
-0.227356855139142
-5.76895592244695
-1.96509018274158
-0.118687612163529
1.79001852616024
-0.163188136266653
-0.744047998237149
-1.50618143418447
3.39245323413729
-2.83085576492918
7.03194790023486
4.15375887591945
2.32217579345637
-1.55168378447808
1.05132321225629
-1.80440226560368
0.594871209898022
-2.73564184240642
-1.22011502337281
4.05063736971698
2.31002199644855
-2.16695751346789
-3.69127347302227
2.62713307038683
2.18636382391649
-6.1298302279878
0.494576221071267
0.965793940532332
0.0802710120285861
-1.83459692732745
-2.96526255061712
-3.23910027730872
2.30543270176797
6.54383686462785
-5.61145750469402
-2.75407919931691
-3.18611655936785
0.96880390389063
3.6438080547503
3.56369316507497
-1.22757913469082
2.16373576129881
-1.26095863394885
-1.38568528042644
0.149024761459529
-0.621676331169494
2.0029126489309
-2.3008691137709
-2.17636844042011
-3.49634117081253
-3.30089559253987
2.9424964304785
-1.03706833731448
-4.8123911166608
-5.74545251801191
1.5093098806866
0.274673695260358
4.8413838056445
0.338723929444653
1.03404938814421
-0.296524752041003
-3.95432638355271
3.7868821775911
-2.61031249816421
5.89923027133614
0.376635705476281
0.535359498465761
-0.121706988377645
-2.71755835345462
2.69274194979849
-2.03690715018436
0.489271851893207
3.76801344405421
2.57452570620723
0.344902760942283
-1.27208575247856
7.28221189287309
-0.319040488078258
-0.427733104037889
4.13829683414024
-1.20259683715123
-0.970906728719867
0.229662461843524
3.61748826802378
-6.35363522947691
0.613907185790347
3.78900162063867
0.650037948997778
1.98593279858063
-1.30092937951782
2.44587613522103
2.78411257863788
-3.78004581977903
-0.189334941608561
-0.074029337745915
2.58380548336992
1.54413746101093
0.850550820129301
2.22714897431623
0.665679136603739
0.65152023298331
3.33389161614195
-2.9197633731278
2.17179044855024
4.81539518710395
1.14127955046003
1.81046415058077
4.28062121969405
1.27838960616274
3.16044577367829
-4.29140068886597
-0.0870854768459223
-1.16145250954816
-2.19797955482072
1.123426424475
-1.32172149193949
-3.91722102606475
6.7134785287438
3.63846167622689
-0.120267640898151
0.581982123862059
2.41317998887771
-5.33619602702368
5.29285629394893
2.36024523557628
8.40621945236033
2.02552504073708
4.78557587380074
4.33674048821757
0.983785501993379
1.31368961371602
-2.91838240357941
1.85648339804476
0.117103497103358
4.33521299114755
-4.49495429933705
-2.11282908508967
0.159733555277762
-2.26627948520147
-1.96186500918187
-2.18144466236778
2.82237393633527
-0.809812973710824
1.53190505227184
-0.416673118567991
3.08758350627467
1.90091333810679
2.05817526049223
-3.99543416326783
-2.25482317183213
1.15422242118899
4.19925565758247
-0.330846139579425
-0.0920248945501296
0.999106841627726
0.64583800916651
1.71061493892781
-4.3998358986107
-0.58280386156785
-1.42284520946317
-2.84018891969537
3.93992207158348
2.38191287219533
-1.55732691711786
-2.64671364988932
-3.99773693129436
-3.02665941474634
4.1160212014079
-2.69609609770951
-2.85803064796659
6.46828709566059
-4.73314432936478
3.60293511976262
2.3101951760171
1.04007395529817
-0.980606687019046
-4.96290607171695
5.46841102668175
3.46145852327201
-3.67996685515455
-0.0458310383726435
-0.857512187036726
1.35570632109429
0.199400373246239
-3.71373554087213
-3.98199578515295
-0.888124573911981
-2.58477720423288
-1.1641460709034
-0.509430998774992
3.21373419494482
-1.39056696485926
1.82760219001596
2.59547137209532
-2.87656520054474
3.0424855177921
-1.63167741039148
-1.40162525205333
1.79458379191924
-2.48752415963846
4.27372301869992
-4.04948038713894
4.36507846796384
2.05885913241984
1.19231355903282
-1.66010006647567
2.29074843137143
-1.87513415173656
-3.34709121787449
2.9544200891291
1.79762441100244
0.215504154020101
0.169706590285173
0.411201902992976
-0.307669743818026
-1.62661847953624
0.19712559849568
3.81515515005708
-2.96005717604816
3.38334055101763
4.86272045731211
1.83093228001932
0.415810669120806
1.14870706038812
4.44289660027677
-5.67455529164767
-1.02846383690723
3.5073816841567
4.87788237837918
-0.154597210171161
0.10110671023234
1.98532701822846
5.19453603159002
-1.40348684809723
-1.66804699612077
-2.47581325571918
0.406712903069136
-1.18197880018233
-1.12557644686075
1.17410236550133
-3.28164148765085
-2.2194516821657
-0.642777261107492
0.213891017642536
-3.31232723537108
-1.02962779663267
-1.19528621130643
-0.77732098664357
2.47002990058443
0.613333119165839
3.91483942534499
5.14351597814779
0.860008714092882
-0.993174485145866
1.1552647172964
0.869695896017258
3.6122847052855
-2.52864908911744
-1.50021560203052
-2.5096109383306
0.0966373174152912
-3.59126258030004
-2.28654999602984
3.9916778299416
-0.914873133882781
3.17626728405481
2.74003890664439
-0.0326158689531412
-0.251077434529328
0.303935755813248
1.85505362740246
-6.63788781215305
6.05675370365016
-1.74064199190627
0.745853678636874
1.81910303863093
-1.99649575598167
1.03212416474074
-5.99761186195613
4.62187791145644
-1.87238806775296
-3.24936856580248
0.341004633242139
3.67764172678922
-3.55997270592128
1.10675673877954
-4.46553117519398
3.40494415248463
-0.353337087427688
-2.07041537840691
3.65260482279795
-1.93393531244418
1.65689146407676
-1.86325579640988
-2.74218896070199
3.07877333229206
-4.46076800200567
2.97746324944841
-2.28496768497177
-0.10998549845713
1.14966313098348
5.52062652490428
-1.3500920546183
-2.23131742723353
3.40209376849053
0.590683281630325
1.26002139636549
-0.905100613866462
0.0693959627380959
5.60673432054102
-0.542846616744987
-0.485245977602185
-7.19380770856133
-3.93605037905616
-4.56199999268404
-1.596438334125
-0.153418895207143
-0.633757136196163
0.616560341805025
0.370416142486375
2.2857164889071
-1.5783766278065
0.353299189225569
2.21388840482263
1.31311950734527
-0.440784122951914
0.586669446559623
2.21840440717235
-0.914394432630504
0.321330114005877
-1.13347290145427
-2.19800641540983
3.32110544821125
-1.87908154218214
0.658128764680463
1.4034624179843
-2.65441540184212
4.27612513836098
5.16420976181155
4.91127543377264
2.11741494261098
-0.113423063444586
-0.944545585726638
1.276512705894
-0.422121244989738
3.55300501204425
-4.30359276391091
1.85066691472082
2.79495699551409
3.69649681962747
2.11960192704737
-0.182134537733184
5.17184091931453
3.41387192291731
1.39275471250351
2.14993256174614
1.84631283548886
-2.47766081008637
2.46323624643153
1.26865248675466
3.29510085104622
5.6823830881599
4.52601064826794
-1.16537546736965
4.8807377654048
-1.6400853371272
5.49558919358282
0.673402947935339
2.15681344020115
0.461091807909686
3.26470308802024
5.08245357750051
-0.699578487588158
-3.4641076959625
-1.26446624545852
-2.63606514623724
-0.102955534623501
-0.612726128131892
-0.427579272988302
-3.2694052823212
0.983337818964099
0.96786732939543
3.39119284643684
0.743776961527191
-0.177139143608844
-1.87997316010984
1.53284680301569
3.73653315811877
-0.529644959940492
1.36504772905228
0.796996665361132
-0.190277071215247
-0.714010403981676
-1.72477847450324
-3.72385961921932
3.1207312541692
3.64602265594
5.88888666839109
-0.120958326714648
-4.93383855613799
0.116095566063235
-0.691103779549154
1.32614336228033
-1.71020690947283
-0.777954699827455
-3.6004827712028
1.15310549717272
0.485144695840102
-1.0540171302349
1.29364791700998
-0.74496952641341
-1.95297117652536
2.76473824370358
0.435701543616087
-1.09525991237106
0.726715085784961
2.08615740318575
5.06194245382329
1.91398897422549
2.29155923178774
5.39177916814843
2.39613538671355
3.40288995101421
0.489541889594167
0.173307813471105
2.59921862338545
4.52910991058897
4.64617828507974
0.843346293721117
4.34535143646441
0.421795921920358
4.66255855555889
4.21478343575838
1.53595606287503
3.42143642607195
0.0735892538730379
-6.69676575844549
-2.75592567236683
-2.83966090301459
4.30469663981973
1.45747870169278
-4.29793201903211
-1.36301236441544
5.71144103500035
0.388112388121507
0.782945699176398
-0.0661730217713393
-0.022970987460518
-3.37195457259323
0.837250500323267
-2.2469863114728
1.00576961218063
2.30764202450404
-3.3510406110871
6.68377091901827
-0.700985278981873
0.68196966161844
0.249061709356611
-3.05097415338298
-1.40587016021974
1.88385566554531
0.390952768435443
0.201890075586336
1.48327205293446
-1.31440077297513
-3.39857508757287
-3.53687835689608
1.78314564542324
1.88237507882374
0.899784967922565
0.425902423955635
0.136693771352856
3.1742747606807
2.26437548467319
-0.924537355931021
2.7640973313565
-0.674331955296094
2.68820550724778
2.31063789305774
1.51018014049999
-0.790438301444042
1.88687928804472
-0.910177374079122
-1.67077859506935
-3.18051320118331
-1.82041658920362
1.20472178653491
-1.114324236153
4.76540441909409
-0.998457316547953
0.21266246529903
3.15508251113748
-1.31541087708739
-4.15812176888464
1.56631528677168
-2.26293333597243
0.115349689908167
0.945602713206031
-3.48722952968124
-0.780954120230699
-0.688745733868883
0.142397671445384
0.336987914199845
1.88450122468549
5.49800501216161
1.98288577579806
2.33342719469457
2.38971176055565
-2.11469063153583
1.22195943439387
0.877005036801226
1.08029754268047
-2.49303142057601
-4.90002352074155
0.0804253476682714
-0.69943251669133
-3.23989757632513
1.11245153889871
2.30585095612264
5.93733167013327
1.37920114185255
-2.04060560330214
-1.3271011151865
-5.50228548928258
2.53200256255603
-1.11388297111258
-2.62052539382299
-1.62417373597755
4.92731342865273
-0.471856016167874
-0.0217267607131086
1.49512403882556
-1.51271912155513
3.86373274049262
1.74846570218739
-1.81271083174536
1.8092411015408
1.92028459926583
-4.25739943067643
0.412745319861566
-1.6020869583108
1.99873621841261
4.24810728396985
1.3789838590165
-3.44432539667969
1.27528477745432
-4.72899378963871
-2.81344753263404
1.12068001957368
-1.62890223006066
-3.59402120223333
-1.21574356796279
1.33654776703433
-0.517352230962594
5.21400820998158
-4.14823604591762
0.536509705831442
-4.48852704753985
1.31155655593665
0.417621301791383
-0.680391215291071
5.34645791818008
1.82538060963391
-3.00446584954093
-2.60266870812931
-0.0297423974619613
5.93095834224649
-1.74476557347218
-1.9682908970293
-0.64421262677743
-0.387728049361497
1.22876189494831
-2.57851209608249
0.932154613460042
4.11170526190296
1.47336532652506
-4.47483431628846
1.75822932291595
-7.44936009873857
-1.47356728601139
2.32180042662971
5.29132333353676
1.48261147422692
-0.614142424599536
-4.15547515664914
1.78182882865023
1.88621091174642
-1.86351752450273
-2.50960605866737
1.45988663850031
0.592656911524925
-5.72865622625224
3.3294563190321
2.37251745280079
4.49617828403828
2.59093717149614
-0.78639725692021
-3.62471656345749
-4.19554773700644
-3.34879543827414
0.87411006083837
3.61939688135545
-3.22962717868676
1.18985825557813
1.80198234338156
1.2899675908253
-3.83110867434066
1.96307599944105
2.047176117752
5.70722725130166
1.5242018568186
2.02854351928729
-1.56218505087103
1.55749693918803
1.34470598384109
0.0790111450332178
-1.08775993506386
-2.20797838705234
0.518471929360617
-0.880438483708638
-4.11965004447292
-0.476815265218553
-0.325520856811318
-6.106465896086
4.74612857000641
5.01477295721027
1.71973693356886
0.569589176943113
-3.82972488226205
1.52483145139584
-1.90835595919138
1.42556069861347
1.86091423719682
4.91136889237865
-1.58782284368408
0.928201421066883
1.27120812536777
1.15233541063304
-1.31210499824664
1.95299079079331
1.63827832930286
0.44622297079692
-4.78614012726344
3.70993453684017
-2.10634980739552
-1.53984839295916
-2.34358617172141
-1.30156382911643
-1.10929902964787
1.09358150217719
-0.196564099908622
4.35185301400916
-3.24730712999593
1.60620269691025
1.99790730418337
-1.68574476576614
4.47417069600739
-0.618305552393884
-1.55483181823904
-3.85225079399544
4.50041648194063
0.218234050463113
0.258490025581486
-0.192723281556086
-0.369456540544014
1.30093928989142
-4.55829274062223
1.48416424952535
0.754409036006038
3.88212229224469
-2.43137598502795
-1.14057312860385
-5.16158679741265
-0.951653038728102
-2.50780616410929
0.162572235460535
0.315894313922226
2.41302032327001
5.32793717590186
-1.4558438389787
-0.805790500984432
2.36698552892872
0.364148393135248
-0.970381886419668
-2.40922882739359
1.30330535524292
0.417885701834134
0.713095126544578
3.09899607556293
-1.2666682842836
1.70764965368871
-2.05731688725166
1.08542531907825
1.47114878643892
0.708800860644521
-0.54266828992135
0.933269196655571
0.581933637728094
-1.20212792721397
-3.73270945464059
-1.89145825625678
-1.28232697323087
0.996649065080034
3.62178122844723
3.04860007620013
1.87130751696108
0.310926046625222
-0.609683094910931
-1.38232006391255
-1.36068482385329
