
Call:
lm(formula = .outcome ~ ., data = dat)

Residuals:
    Min      1Q  Median      3Q     Max 
-3.8176 -0.6565 -0.0053  0.6522  3.3865 

Coefficients:
              Estimate Std. Error t value Pr(>|t|)    
(Intercept)  0.0502320  0.0247330   2.031 0.042313 *  
X1           0.0061137  0.0143729   0.425 0.670593    
X2          -0.0175975  0.0143023  -1.230 0.218608    
X3          -0.0007817  0.0143328  -0.055 0.956506    
X4           0.0172558  0.0143486   1.203 0.229186    
X5          -0.0181484  0.0143180  -1.268 0.205030    
X6          -0.0203361  0.0143685  -1.415 0.157039    
X7           0.0340099  0.0143765   2.366 0.018038 *  
X8          -0.0255496  0.0143403  -1.782 0.074867 .  
X9          -0.0076565  0.0143468  -0.534 0.593592    
X10         -0.0083707  0.0143180  -0.585 0.558825    
X11          0.0431609  0.0143515   3.007 0.002649 ** 
X12         -0.0097516  0.0143653  -0.679 0.497278    
X13         -0.0040138  0.0143237  -0.280 0.779318    
X14         -0.0060011  0.0142994  -0.420 0.674741    
X15          0.0122844  0.0143065   0.859 0.390571    
X16         -0.0519916  0.0143714  -3.618 0.000300 ***
X17          0.0344693  0.0143462   2.403 0.016314 *  
X18         -0.0222189  0.0143125  -1.552 0.120630    
X19         -0.0152573  0.0143313  -1.065 0.287104    
X20          0.0026992  0.0143427   0.188 0.850734    
X21         -0.0140100  0.0143177  -0.979 0.327871    
X22         -0.0268781  0.0143593  -1.872 0.061293 .  
X23         -0.0074430  0.0144000  -0.517 0.605269    
X24          0.0077179  0.0143558   0.538 0.590866    
X25          0.0113794  0.0143153   0.795 0.426707    
X26         -0.0145512  0.0142906  -1.018 0.308618    
X27          0.0053651  0.0143964   0.373 0.709410    
X28          0.0245496  0.0143155   1.715 0.086429 .  
X29          0.0019169  0.0143787   0.133 0.893951    
X30          0.0052491  0.0143442   0.366 0.714429    
X31         -0.0010305  0.0143610  -0.072 0.942798    
X32          0.0207698  0.0143343   1.449 0.147416    
X33          0.0105147  0.0143135   0.735 0.462621    
X34          0.0209829  0.0143145   1.466 0.142755    
X35          0.0280739  0.0143336   1.959 0.050217 .  
X36         -0.0047169  0.0143584  -0.329 0.742538    
X37         -0.0132570  0.0143507  -0.924 0.355642    
X38          0.0061251  0.0143467   0.427 0.669449    
X39         -0.0216057  0.0143124  -1.510 0.131218    
X40         -0.0095207  0.0143048  -0.666 0.505726    
X41         -0.0328015  0.0143359  -2.288 0.022177 *  
X42          0.0022428  0.0142987   0.157 0.875366    
X43          0.0258090  0.0142925   1.806 0.071017 .  
X44         -0.0104455  0.0143422  -0.728 0.466460    
X45         -0.0148317  0.0143235  -1.035 0.300499    
X46         -0.0094554  0.0142960  -0.661 0.508387    
X47         -0.0002953  0.0143319  -0.021 0.983561    
X48          0.0098256  0.0143632   0.684 0.493958    
X49         -0.0081386  0.0143061  -0.569 0.569455    
X50         -0.0140319  0.0143531  -0.978 0.328311    
X51          0.0115648  0.0143509   0.806 0.420364    
X52          0.0032053  0.0143576   0.223 0.823353    
X53          0.0154180  0.0143299   1.076 0.282013    
X54          0.0114945  0.0143321   0.802 0.422589    
X55         -0.0216687  0.0143523  -1.510 0.131169    
X56          0.0108803  0.0144026   0.755 0.450025    
X57          0.0218969  0.0143749   1.523 0.127757    
X58         -0.0015108  0.0143584  -0.105 0.916206    
X59          0.0105325  0.0143487   0.734 0.462961    
X60         -0.0364730  0.0143020  -2.550 0.010797 *  
X61          0.0034182  0.0143481   0.238 0.811709    
X62          0.0278718  0.0143804   1.938 0.052660 .  
X63         -0.0053722  0.0143551  -0.374 0.708246    
X64          0.0047058  0.0143400   0.328 0.742808    
X65         -0.0007014  0.0143639  -0.049 0.961058    
X66         -0.0048285  0.0143556  -0.336 0.736624    
X67         -0.0013638  0.0143908  -0.095 0.924502    
X68         -0.0116743  0.0143132  -0.816 0.414754    
X69          0.0049720  0.0143661   0.346 0.729291    
X70         -0.0250028  0.0143183  -1.746 0.080838 .  
X71         -0.0054245  0.0142896  -0.380 0.704252    
X72         -0.0019748  0.0143599  -0.138 0.890622    
X73          0.0032067  0.0142739   0.225 0.822260    
X74          0.0018762  0.0142838   0.131 0.895503    
X75         -0.0017997  0.0143478  -0.125 0.900183    
X76         -0.0163218  0.0143605  -1.137 0.255773    
X77         -0.0201845  0.0143376  -1.408 0.159254    
X78         -0.0371902  0.0143135  -2.598 0.009399 ** 
X79         -0.0001258  0.0143577  -0.009 0.993012    
X80          0.0018727  0.0143182   0.131 0.895946    
X81         -0.0046199  0.0142780  -0.324 0.746278    
X82         -0.0171351  0.0143086  -1.198 0.231158    
X83          0.0190969  0.0143478   1.331 0.183254    
X84          0.0084531  0.0144091   0.587 0.557466    
X85         -0.0293766  0.0143574  -2.046 0.040801 *  
X86         -0.0033899  0.0143685  -0.236 0.813502    
X87          0.0011373  0.0143575   0.079 0.936868    
X88         -0.0066576  0.0143228  -0.465 0.642077    
X89          0.0068081  0.0143556   0.474 0.635344    
X90         -0.0072531  0.0144137  -0.503 0.614839    
X91          0.0106849  0.0144224   0.741 0.458818    
X92          0.0050202  0.0143715   0.349 0.726867    
X93          0.0177327  0.0143423   1.236 0.216375    
X94         -0.0101099  0.0143750  -0.703 0.481907    
X95          0.0492180  0.0143156   3.438 0.000591 ***
X96          0.0169202  0.0143796   1.177 0.239382    
X97          0.0331231  0.0143166   2.314 0.020732 *  
X98         -0.0243672  0.0143195  -1.702 0.088882 .  
X99         -0.0244055  0.0143084  -1.706 0.088134 .  
X100        -0.0199497  0.0143115  -1.394 0.163393    
X101         0.0181854  0.0143054   1.271 0.203713    
X102        -0.0097179  0.0143708  -0.676 0.498930    
X103        -0.0111339  0.0143487  -0.776 0.437818    
X104        -0.0091459  0.0143003  -0.640 0.522493    
X105         0.0236362  0.0143393   1.648 0.099348 .  
X106         0.0167474  0.0143211   1.169 0.242295    
X107         0.0235138  0.0144242   1.630 0.103134    
X108        -0.0061021  0.0143401  -0.426 0.670470    
X109         0.0046548  0.0142844   0.326 0.744538    
X110        -0.0194491  0.0143521  -1.355 0.175439    
X111         0.0265626  0.0143957   1.845 0.065075 .  
X112        -0.0109704  0.0143746  -0.763 0.445393    
X113         0.0031582  0.0143069   0.221 0.825301    
X114         0.0153021  0.0143461   1.067 0.286189    
X115         0.0015885  0.0143833   0.110 0.912063    
X116        -0.0018473  0.0143098  -0.129 0.897287    
X117         0.0375993  0.0143000   2.629 0.008583 ** 
X118         0.0149947  0.0143593   1.044 0.296422    
X119         0.0294423  0.0142578   2.065 0.038977 *  
X120        -0.0162437  0.0143673  -1.131 0.258277    
X121         0.0226246  0.0143778   1.574 0.115651    
X122         0.0163378  0.0143356   1.140 0.254480    
X123        -0.0032179  0.0143509  -0.224 0.822588    
X124        -0.0132910  0.0143651  -0.925 0.354895    
X125         0.0033919  0.0143753   0.236 0.813479    
X126        -0.0031161  0.0143174  -0.218 0.827714    
X127         0.0240178  0.0143295   1.676 0.093782 .  
X128         0.0038900  0.0143324   0.271 0.786084    
X129         0.0195201  0.0143673   1.359 0.174323    
X130         0.0094888  0.0143783   0.660 0.509324    
X131        -0.0239022  0.0143624  -1.664 0.096134 .  
X132         0.0202522  0.0143246   1.414 0.157486    
X133        -0.0184810  0.0143653  -1.286 0.198332    
X134         0.0111339  0.0143072   0.778 0.436487    
X135        -0.0096697  0.0144254  -0.670 0.502682    
X136         0.0030719  0.0143432   0.214 0.830424    
X137         0.0141980  0.0143494   0.989 0.322495    
X138         0.0141968  0.0143461   0.990 0.322426    
X139         0.0106950  0.0143914   0.743 0.457425    
X140        -0.0040442  0.0143677  -0.281 0.778357    
X141        -0.0178712  0.0143434  -1.246 0.212844    
X142         0.0041704  0.0143257   0.291 0.770975    
X143         0.0002755  0.0143447   0.019 0.984675    
X144        -0.0180600  0.0143404  -1.259 0.207954    
X145         0.0091864  0.0143992   0.638 0.523519    
X146         0.0173145  0.0143867   1.204 0.228839    
X147         0.0390587  0.0143366   2.724 0.006465 ** 
X148         0.0059190  0.0142886   0.414 0.678715    
X149         0.0121726  0.0142880   0.852 0.394286    
X150         0.0051439  0.0143629   0.358 0.720259    
X151         0.0001995  0.0143090   0.014 0.988875    
X152         0.0119228  0.0143195   0.833 0.405099    
X153        -0.0065366  0.0143840  -0.454 0.649535    
X154        -0.0254948  0.0143295  -1.779 0.075272 .  
X155         0.0198840  0.0143387   1.387 0.165586    
X156         0.0324918  0.0143711   2.261 0.023810 *  
X157        -0.0196755  0.0143065  -1.375 0.169109    
X158         0.0453030  0.0143598   3.155 0.001616 ** 
X159        -0.0165269  0.0143664  -1.150 0.250044    
X160        -0.0040684  0.0143997  -0.283 0.777546    
X161         0.0011268  0.0143292   0.079 0.937326    
X162         0.0280848  0.0143457   1.958 0.050322 .  
X163         0.0122464  0.0143137   0.856 0.392280    
X164        -0.0018426  0.0143716  -0.128 0.897985    
X165        -0.0028168  0.0143601  -0.196 0.844496    
X166        -0.0104246  0.0143563  -0.726 0.467791    
X167        -0.0180185  0.0142935  -1.261 0.207514    
X168        -0.0041673  0.0143661  -0.290 0.771771    
X169         0.0126084  0.0143430   0.879 0.379414    
X170        -0.0047519  0.0143360  -0.331 0.740308    
X171        -0.0027806  0.0143244  -0.194 0.846092    
X172         0.0129563  0.0143057   0.906 0.365156    
X173        -0.0253126  0.0142867  -1.772 0.076498 .  
X174         0.0124954  0.0143322   0.872 0.383340    
X175        -0.0066718  0.0143492  -0.465 0.641980    
X176         0.0044069  0.0143465   0.307 0.758726    
X177        -0.0223458  0.0143793  -1.554 0.120245    
X178        -0.0001787  0.0143006  -0.012 0.990030    
X179        -0.0147826  0.0143099  -1.033 0.301640    
X180        -0.0125113  0.0143537  -0.872 0.383446    
X181        -0.0084376  0.0143537  -0.588 0.556672    
X182        -0.0084668  0.0143714  -0.589 0.555794    
X183        -0.0148595  0.0143831  -1.033 0.301598    
X184        -0.0045139  0.0143697  -0.314 0.753437    
X185         0.0003350  0.0143793   0.023 0.981415    
X186         0.0377365  0.0143429   2.631 0.008540 ** 
X187         0.0384719  0.0143922   2.673 0.007541 ** 
X188        -0.0328666  0.0143701  -2.287 0.022231 *  
X189        -0.0130412  0.0143756  -0.907 0.364360    
X190        -0.0011054  0.0143370  -0.077 0.938549    
X191        -0.0194197  0.0143601  -1.352 0.176333    
X192         0.0177701  0.0143398   1.239 0.215328    
X193        -0.0244528  0.0142919  -1.711 0.087154 .  
X194        -0.0217112  0.0143755  -1.510 0.131037    
X195         0.0187410  0.0143664   1.305 0.192125    
X196         0.0063949  0.0143207   0.447 0.655224    
X197        -0.0224392  0.0143596  -1.563 0.118198    
X198         0.0428939  0.0143632   2.986 0.002838 ** 
X199        -0.0069780  0.0143711  -0.486 0.627301    
X200         0.0024477  0.0143441   0.171 0.864512    
X201        -0.0083615  0.0143030  -0.585 0.558848    
X202        -0.0185407  0.0143129  -1.295 0.195252    
X203         0.0217611  0.0143619   1.515 0.129790    
X204        -0.0122648  0.0143476  -0.855 0.392686    
X205         0.0047100  0.0143456   0.328 0.742683    
X206        -0.0029170  0.0143578  -0.203 0.839017    
X207        -0.0182555  0.0143291  -1.274 0.202720    
X208        -0.0186975  0.0143273  -1.305 0.191946    
X209        -0.0113539  0.0143921  -0.789 0.430211    
X210         0.0114706  0.0143688   0.798 0.424738    
X211         0.0013709  0.0143238   0.096 0.923756    
X212         0.0166562  0.0143226   1.163 0.244916    
X213         0.0023418  0.0143565   0.163 0.870434    
X214        -0.0176072  0.0142957  -1.232 0.218146    
X215         0.0105519  0.0143198   0.737 0.461236    
X216         0.0081603  0.0143784   0.568 0.570376    
X217        -0.0030824  0.0143662  -0.215 0.830119    
X218        -0.0104066  0.0143528  -0.725 0.468450    
X219         0.0235554  0.0143742   1.639 0.101338    
X220         0.0020029  0.0143583   0.139 0.889066    
X221        -0.0102459  0.0143535  -0.714 0.475369    
X222        -0.0093283  0.0143050  -0.652 0.514367    
X223         0.0188392  0.0143548   1.312 0.189449    
X224         0.0155379  0.0143160   1.085 0.277822    
X225         0.0102924  0.0144009   0.715 0.474827    
X226         0.0203162  0.0143750   1.413 0.157631    
X227         0.0205245  0.0143457   1.431 0.152580    
X228        -0.0298405  0.0143124  -2.085 0.037128 *  
X229         0.0614065  0.0144040   4.263 2.05e-05 ***
X230         0.0062487  0.0143216   0.436 0.662629    
X231         0.0056930  0.0143366   0.397 0.691316    
X232        -0.0024066  0.0143118  -0.168 0.866468    
X233         0.0057692  0.0143528   0.402 0.687734    
X234         0.0066280  0.0143781   0.461 0.644837    
X235         0.0216708  0.0143194   1.513 0.130248    
X236         0.0230069  0.0143630   1.602 0.109262    
X237         0.0296953  0.0142943   2.077 0.037816 *  
X238         0.0023189  0.0143194   0.162 0.871362    
X239         0.0008251  0.0143947   0.057 0.954290    
X240         0.0048911  0.0143593   0.341 0.733400    
X241         0.0056687  0.0143342   0.395 0.692517    
X242        -0.0173536  0.0143292  -1.211 0.225931    
X243         0.0011716  0.0143536   0.082 0.934950    
X244         0.0115374  0.0143737   0.803 0.422203    
X245         0.0061197  0.0143396   0.427 0.669565    
X246         0.0150653  0.0144086   1.046 0.295811    
X247        -0.0169432  0.0143957  -1.177 0.239271    
X248        -0.0211932  0.0144062  -1.471 0.141326    
X249         0.0033736  0.0143111   0.236 0.813651    
X250         0.0121138  0.0144074   0.841 0.400502    
X251        -0.0071465  0.0144005  -0.496 0.619728    
X252        -0.0006182  0.0143760  -0.043 0.965703    
X253        -0.0078927  0.0143618  -0.550 0.582645    
X254        -0.0160600  0.0143871  -1.116 0.264360    
X255_b      -0.0509610  0.0346910  -1.469 0.141900    
X255_c      -0.1011032  0.0355738  -2.842 0.004501 ** 
---
Signif. codes:  0 ‘***’ 0.001 ‘**’ 0.01 ‘*’ 0.05 ‘.’ 0.1 ‘ ’ 1

Residual standard error: 0.9879 on 4743 degrees of freedom
Multiple R-squared:  0.07403,	Adjusted R-squared:  0.02406 
F-statistic: 1.481 on 256 and 4743 DF,  p-value: 1.891e-06


Apparent Error / Training Error / MSE: 0.9257804 
