0.329417194492665
-0.408685176622073
0.18169146263788
0.516548276700478
-0.246233378944587
0.348159695867631
0.119347261222442
-0.0417084955140023
-0.022116256543411
0.642935523034772
0.216736700411942
0.27113075928635
0.275536964370066
0.0957000701244173
-0.0287934125390552
-0.0202587276973823
0.0991015819911719
0.19247955020885
-0.120736134323103
-0.269911136001681
-0.35289920047977
-0.0835499005340365
0.140860947020155
0.00762080817750574
-0.0905871285889795
0.0553100474151868
0.199897221192447
-0.317548807176152
0.345955155556189
-0.0447384471173451
0.277242910753206
-0.102312515946135
-0.24420419247471
-0.0489245050250998
0.0308529081170528
0.161142541962066
0.02289276113172
0.400210323359335
0.236315527292577
-0.0100422235076378
0.129478652815802
0.305834060955956
-0.543123564895826
-0.153946259869345
0.254825605386986
-0.141203635528247
0.215930929424259
-0.331849492047667
-0.455951770949174
-0.261135109237558
0.00143480798374676
0.200469974460225
0.17166227688028
-0.038631822596747
0.238896079812383
-0.077511237237354
0.567058250179385
-0.307114054737893
0.14060919832383
0.137206453350141
0.610251844207737
-0.214499533847167
-0.00745183399934514
-0.217787945071282
-0.272972752465349
0.620186522846031
0.357455619431887
0.0918629934198049
0.443178710202024
-0.222855750354953
-0.529928387608612
-0.148567845686302
-0.0822432847460133
-0.280857426488262
-0.835974099205043
-0.0489754987030076
-0.254042029723741
0.188301351997091
-0.0842725000747884
-0.431188866934238
-0.294060923315435
0.413511864364335
0.151567106984162
-0.0817521041603675
0.346530288089405
0.0446363421021094
-0.0262122183194459
-0.0112939528114454
0.12740667131076
0.153807407311504
-0.0917575630921078
0.139144611213319
-0.0982659131152911
-0.367173316520816
-0.156397897821806
0.0641920391966928
-0.11846381600186
0.179034814632626
-0.194271601147436
0.441310541668482
0.345228331875197
-0.601937214402765
0.0736327388456501
0.364717858014013
-0.244643392738262
0.139775921051359
-0.241401877445651
0.204970342375892
-0.122049514265703
0.362316396559922
0.219737419329187
0.0385593556689296
-0.315833872134701
-0.309270000258357
0.470435277393936
-0.666585400040476
0.666157935432481
-0.360694031237799
0.449882427305624
-0.0689442304442305
-0.0947258288248887
0.169244911793315
-0.180966934688028
0.279831626919612
-0.313908040796718
0.383740942152168
0.0491704344149245
0.192960610261046
-0.551940082504725
0.156339584016855
-0.0658411157200769
0.0699935737482941
0.297452165373118
0.0337467751077123
0.238151641954411
0.271518143909134
0.068448774016357
0.141635029109978
-0.566182632223698
-0.204556488500865
0.00128613935343107
0.214446208001953
0.226965728697719
0.326651043469584
0.0139060343483542
0.0197785480544964
-0.370628454973868
-0.268215302393575
0.321256810919739
0.290456258071573
0.116085095483789
-0.433979889489681
0.185825985648894
0.20987148562111
-0.284283131420152
-0.706927493555206
0.319127812248146
-0.341107103217999
0.13890809117268
0.128746313671017
-0.164753582952877
0.768120545424713
0.18747234640259
0.114993517495832
0.167282804653603
0.290154539547932
0.131762051244674
-0.496932679017804
0.000956438797600396
-0.204238021272693
-0.558986413518166
0.483561128659219
-0.0592908831201908
-0.128595513696476
-0.551441655834802
0.36805154677748
0.325117164407836
0.104746407568621
-0.225080145699698
-0.361966767126339
-0.0923291512995636
-0.268961999261111
0.11553486575127
-0.45416067810104
-0.227847022898776
-0.2967845452897
-0.0210823249633588
0.723619891813209
-0.416632206700657
0.348565926146978
-0.0940184583896542
0.152802972683825
-0.838881093375398
0.106473574687624
0.0610260329938089
-0.544616113979481
0.306830741385137
0.080010713866928
-0.0128080010476067
-0.496972900406495
-0.079365879864818
-0.721522610203478
0.166722439726884
0.131774525611402
-0.723339938038318
0.287804432535807
0.142368210987705
-0.533879206724473
0.0746896389097034
0.0500005701519735
0.0998396862367026
-0.00961859959760125
0.421893581020759
0.0853917582617094
-0.019133812509978
-0.31057165020194
-0.0497932819067133
0.165296075941687
-0.348349955006122
0.0680465313859691
-0.0590777126056259
-0.234421569869211
0.453457130054056
-0.28629221695938
-0.633033921731991
-0.429989249234662
0.246844398718387
0.000205756902144229
-0.214989291507818
-0.434941154653271
-0.24770014513722
-0.75073420665108
-0.354582225664988
-0.105405983677712
-0.0717392770362169
-0.159161022490682
-0.191125756059442
0.362232314233933
-0.113883559123484
0.281874790634567
-0.208335245739544
-0.124960166490943
0.355506030242041
0.0380565827885192
-0.0265292331431762
0.673221410744434
0.385513526235562
0.622245510211803
-0.212431879861822
0.00814518534632764
-0.121088880138417
-0.408619514786517
-0.0368784024069119
-0.116870716850798
-0.275840713939228
-0.371844233311824
-0.138156509842424
-0.0383610990842446
-0.025121881835825
-0.0782806149631671
-0.593873039611766
0.478185370205219
-0.137894868296914
0.0482029522438473
0.225965509852701
-0.0296321363228376
0.209488472572807
0.798112791050189
-0.136729660842041
-0.107110225199012
-0.384199688472227
-0.268943534898289
-0.332768965242718
0.126707216699114
-0.493774761975196
-0.0722528608279619
-0.23524513057887
-0.684071987859569
-0.88742158316395
0.020506716873391
0.229763224002595
-0.13480109150048
0.787745704967588
0.0137040948714432
0.709473809884908
-0.381716369524331
-0.268374964658091
0.355652701707954
-0.150703244700306
-0.0934532172342944
0.259111100524363
0.23175376588653
0.197419231772873
0.189665706846617
0.0208667016016333
-0.0542300825466019
0.169600655425485
0.572828010441614
-0.179695816416895
0.00755023961844423
0.186290218985195
0.320768236183664
-0.179377143376037
-0.152692404551402
0.409450073723475
0.131280908289221
0.493757933261293
0.127573321104687
0.678065300064993
-0.00424124160986223
0.0480044248558914
-0.195732938879047
-0.253253800933016
0.245914093735515
-0.0511413209137563
0.0937694358884565
-0.570039316937268
-0.314432180041121
-0.222251119178519
-0.0225970350210441
0.246821148650994
-0.0790069647931964
0.174326020859704
0.356327130777086
0.0328733310736825
0.409986196012125
-0.0201442695150541
0.370913948366417
0.175339895415585
0.0997684787636702
-0.0376834972809252
-0.293797386509285
0.327177390030129
0.179237740073512
0.48652639919791
0.227455488232952
-0.323712896921755
0.0251684837967005
0.458950255492869
0.0365906643496483
0.14931338091876
0.452642273824103
-0.0558518265398744
-0.391665685031797
0.122149564501496
-0.0309890181210591
0.587893758262197
0.287439860573986
0.0128925473236729
-0.0948769337344153
0.237682695868431
-0.0224244796433425
0.171454583643292
-0.142697356851603
0.0748687193837201
0.24669047783112
-0.346545490125111
-0.238657959061545
-0.377611935627059
-0.455315871992923
0.298781557149888
-0.406130439012564
0.182402495620241
-0.509050216302703
0.312130727111402
-0.117241079945217
0.261554104846071
-0.0317905307786506
-0.00324101093599662
0.220359738508991
0.525415154061946
0.0640623400095541
-0.494788696608333
0.303686630790242
0.0903901718206349
-0.239508050266672
-0.235722045983817
0.368948610765821
0.686121168720387
0.151178727116438
0.0875282303300678
-0.0795579756310542
-0.181292495560491
-0.270805876129969
-0.0454342629517924
0.00920568587894651
0.0679734700649016
0.675940507741358
-0.140287295951053
0.14339517551401
0.193372368444932
0.130947358170322
0.289930970933485
0.115638179656059
0.0360485638224312
0.00833429869977192
-0.118135499292036
0.0218814149702776
-0.0274779995217656
0.32712014301265
-0.0013785068569155
0.320949156002761
-0.154530621402917
0.0200290902617951
0.470349731059629
0.214800023555662
-0.580709306854728
0.100163757267805
0.570497343252007
0.269631939427896
-0.385046802212816
0.227495647149253
0.0306640304519162
-0.14381906782244
-0.2205520562893
-0.0131508211709666
0.312241845154291
-0.0607077071794088
-0.00833310444193063
0.157204630278583
0.525765448568535
0.205860631532687
-0.0071244674822338
0.135083306026821
0.0550824621915811
0.0214068400058136
-0.353676370761062
0.222987481514318
-0.112763188237747
0.075389581346668
0.0891295950304224
0.388949198721587
0.0624490400137749
-0.333007905128315
0.481128339052332
-0.438971589397221
0.0169439661973508
0.353881268320278
0.0255384547845011
0.12225311578052
-0.339849795241051
-0.0291371867353543
0.247579560759219
-0.220808003289142
-0.209400146949589
-0.0934767296324444
0.245148151882092
-0.247823809250281
0.39485772525756
-0.248621288911218
-0.152507182035286
0.283139627579113
0.161512357240141
-0.327937716320901
0.393647372769717
0.579047751075717
-0.194438440561848
0.342642435194861
-0.445974989493043
0.000807119644693613
0.217275553820205
-0.277081864796476
0.10936135597737
-0.282784846252185
0.30838982483365
-0.10770141886727
-0.0898343797381595
-0.277374276633219
0.234666670927825
-0.0258324845628849
0.106485309719022
-0.341068611851053
0.284908856983544
0.1655015000506
-0.0296134951965956
-0.0998332580803492
-0.200582714442838
-0.00600139890145001
0.228766325373694
0.468037017281828
0.167058812369785
-0.314990334845034
0.448603407542052
0.251221199769643
0.259387224152779
0.131176170001662
-0.14034327353496
-0.0180377713356904
0.0803457329903335
0.0735343754712575
-0.132550095201472
-0.35534972677162
0.183312178164876
0.471556425880715
-0.117874088007652
-0.624505588778646
-0.148220689994579
0.214938499056118
-0.48965764033876
-0.563532363126363
0.0216665703971082
0.117206415397242
-0.358576017729827
0.113910141603335
-0.00626552512393264
0.0938702230645787
-0.320448175915835
0.256659538442282
0.158246172644714
-0.164666502971727
0.296171723440783
0.182787193681241
-0.303748795001297
-0.331490728894499
0.0857822245298563
-0.186658735610753
-0.72225446258612
0.343831569875683
0.318660999184174
-0.643562993273642
0.0332200172924468
0.0710314112281391
-0.210482319786881
0.157272355280312
-0.228991786551767
-0.691627435911351
0.0653814901113162
-0.204778480919368
0.496102199056796
0.200883264609078
-0.0269595995841108
0.279383349490117
-0.398141961185331
-0.0309360785421438
-0.397773803387639
0.150721296844863
0.171914736664523
-0.00485105731187394
0.0375453497630707
-0.388761163321211
0.074608598714985
0.00656328581861928
0.103732281298569
0.487089983361894
-0.0175593840640646
-0.068884268359824
0.0525823526284763
-0.213048021577239
0.12594914352861
-0.175184339339001
0.485116792839403
-0.393661959450545
0.529628266794716
-0.0992741709199986
0.0222144025829416
-0.298524378179821
-0.444965521639067
0.0671322210577733
-0.204441999283057
-0.460829856809647
-0.143786654124749
-0.30313416497869
-0.348017981770881
-0.11295076658948
0.442315898953884
0.080297835689797
0.366978119646014
-0.355138515129929
0.237762478078043
-0.061382606380165
0.30202951538875
-0.316731782295265
0.0812442895186672
0.151123806546489
-0.0319129453942441
0.0788655086363636
0.102295522370435
-0.000489266041688363
-0.0246938771535334
0.200152388069745
0.217809624220129
0.0864091123285852
-0.285782572620565
-0.273483897609716
0.313973027669986
-0.646743978590247
0.313871300910324
-0.0174623564361564
-0.212015883932094
0.00223829517841016
-0.734171974790428
-0.223520032212478
-0.239985391178595
-0.181136585806274
-0.166636455676413
0.298955158569207
-0.461096718482437
0.027862630721119
0.018338126912431
-0.000404322193597547
0.500181630288126
0.28361875821699
-0.372285913995124
-0.205618815200858
0.0164900038727845
-0.0184823804148263
-0.00237907779218746
-0.323617941605939
0.529608351815973
-0.127798337843364
-0.185995644940085
0.0304853652899893
0.0760593863665345
0.244270510459456
0.0111631242691907
0.0661276490896354
-0.0379197385865993
-0.240821442494727
0.221176671865366
-0.287784350005997
0.142931642908662
-0.367785034343284
-0.0235365517753552
-0.399547020460463
-0.0156100061346085
-0.414242022472803
-0.153868548163741
-0.181661561901452
0.411042658288054
0.234549524716499
-0.162184412450738
0.139765309173444
0.297862589043765
-0.0886480318405059
-0.270383862169426
0.299353895977607
-0.0323483650668481
0.656124792765453
-0.114195856131134
0.424082029241995
0.0301923934287066
0.468358147378393
-0.272034295901815
0.360117047450453
-0.0187131174453168
0.291733368305413
-0.389159299849761
-0.252167744188639
-0.0857179565005417
-0.0173709375287008
-0.150507665099364
-0.186149477894534
-0.656720273171697
-0.181999654637641
0.0519534340910986
-0.159833251631528
-0.14336552445679
0.270714310793983
0.163704639475348
0.047948637876835
0.0290930792926091
0.175443208672148
0.443887093882977
0.19630362868155
-0.0177068313148187
0.143916807861215
-0.198617860115574
-0.0954726228558428
-0.510382812101466
0.45731911880912
-0.0624040990375794
-0.00970788612294234
-0.211050929091688
-0.214828812977432
-0.108857126139475
-0.0419403256170725
-0.185516096961318
0.179566015084626
0.104651283702234
-0.0686466262741964
0.136365256573854
0.357932712415027
-0.204595555115542
0.385487478140504
0.143198207172881
0.309021375476615
-0.0202618962531674
0.124846605542291
-0.209822532655842
-0.259645402835741
0.0113274958814105
-0.217054253497318
0.455184825984665
-0.0903748923710259
0.290882207464327
0.369699391404478
-0.204018004347617
0.0549156015232152
0.147323982068935
0.464163069915761
0.282895137203417
-0.38851663954403
0.279668736068119
-0.397890087107958
-0.127220809102046
-0.0957063035671904
0.106577438316977
0.419530534117451
0.462744562744806
0.238007846341729
0.173978268626294
0.124366328686879
0.0375839003258728
0.216944259359379
0.105514254168843
-0.405714954037825
-0.139717115809634
-0.0788006224476133
0.560384013393861
-0.295866098277675
0.284668994319964
-0.306657680279165
0.18233692713254
-0.0629443429654882
-0.286538867654374
0.0599547642077995
-0.00509397568851308
-0.0491283443116065
0.519058295683
-0.016751521745407
-0.286002495493055
-0.402231928055737
-0.0277355320298169
-0.00789050508889619
0.334860196801863
-0.0795824611990995
0.458987766289453
0.206561337893062
-0.3897087698409
0.0259907085730439
0.0510997634464479
-0.257817364733081
-0.0567572827215953
-0.247993496570148
0.319657627835113
0.0280460729725969
0.0571132291703767
-0.168075230517692
-0.0810418195692199
0.287411226927785
-0.0160472892549119
-0.0335586137126253
-0.378639047414832
-0.135898240158345
0.246663511047284
0.0255839725311849
-0.55036450143824
0.396913945846567
-0.584780027119884
-0.243123551492292
0.259770704494255
0.113873951004677
0.0391043191757002
0.124805323556425
-0.300535544252572
-0.456196451329185
-0.392461959487173
0.204876865159556
-0.208197946991663
0.336905233239032
0.0355557339439995
0.503332273716151
0.0694041211982187
-0.522030929377397
-0.172653988004763
-0.0494919073879175
-0.0758500990201445
-0.129862085536502
0.0609769339791695
-0.107137006112554
0.395633364527099
-0.399501198789856
-0.533308460318883
-0.608318535782054
-0.520791760477731
-0.455091757986428
-0.00779943298293326
0.164886531903575
0.128839945708689
-0.440581250320223
0.24965187809751
0.434502629472904
-0.00992753879498838
0.0193858682145707
0.0763270177913004
0.182518927121332
0.0109622934844576
-0.66317319193293
-0.120190847167987
-0.244039784823348
0.743175946167606
-0.0171321373022887
-0.218133899393858
-0.57473635389999
-0.200298382115192
-0.575950739714779
0.215298821587761
-0.00199149573185734
0.275972144842761
0.397245822788191
-0.222680508436295
0.137532858745469
0.114405735516353
0.402941174918714
0.483600220111315
0.147219169820077
-0.465366778735057
0.0879913061554171
-0.141215922419967
0.0307869598393381
0.150486587561936
-0.112076669656616
-0.177989650272247
0.0340786710984756
-0.152008125994783
-0.421634890404564
-0.0844936232398724
-0.318829690307671
0.106982880968398
-0.119506328312296
-0.0274733004978186
0.138441934201202
0.175198574025317
0.228897037446314
0.237711816467306
0.0522219868817683
-0.172872218601171
-0.157878713919541
0.0740282410721563
0.159015348573972
-0.250545240791793
-0.252685196630142
0.215371411387196
-0.380040839610701
-0.157421860938438
-0.272911746992001
-0.0226223801000425
0.130748273028043
0.426944965495921
-0.715535672898789
0.0507153976837732
-0.179901389663318
-0.306481346193259
0.0733019326390836
0.258667990171502
-0.123345751187696
0.138250593441518
-0.0114973487707215
0.660711168536068
-0.0517025296556037
-0.617053151260494
-0.0687753675902502
-0.573154975459801
0.245417542284935
0.147125504214692
0.530441504867251
-0.298600121680916
-0.106286922821918
-0.126344743261085
-0.0778461130553181
0.084582588716095
-0.551971489299342
0.329506898094598
-0.222291374464325
-0.1057050497187
0.268613590305576
0.00255318397247206
-0.123522170194677
-0.367606014013426
0.174098260038904
0.60302977604489
-0.0598190695429913
0.154832195279432
0.0224270891428958
0.34764797974824
-0.0930979683509868
-0.0992146132828254
0.245420654632868
-0.552411138646638
-0.461436745299665
0.111377493674907
0.11615698203745
0.165757232918512
0.308540185452363
0.119254426210987
-0.548443918114869
0.329422008568298
0.557915684052874
-0.0618467510071938
-0.579723429758372
-0.0181020250248247
0.376896998750464
0.148486871629228
-0.134187694861074
-0.0966705897567711
0.303608601003974
0.293066264159232
-0.0376330953662582
-0.0294783497002084
0.054333741614305
0.49662376901091
-0.134604824378367
-0.299004017156968
0.328386016192271
0.223386591072536
-0.140180878467992
-0.343827225728452
-0.213956087382072
0.390144737489027
0.480546559209211
-0.180474722947306
-0.0253426354326116
-0.111718484672788
-0.104221083397927
0.128136467809073
-0.122003695263038
0.101645263294866
0.552730481704316
-0.382319993188015
-0.66146122075346
0.696870566451898
0.277334117904416
0.43259047427336
0.105759595023561
-0.00245733038141498
0.0316232575541359
-0.0309039866423823
-0.522547346171082
0.103991549775135
0.0675566482860228
-0.297676749533623
0.395140431919129
-0.054078567024862
-0.0351042169746004
-0.687674914037252
0.0605834513257315
-0.44759247053275
0.104483596961277
-0.524804661740268
-0.353195802803606
0.00345592658502576
-0.231317060088196
-0.0876490187069136
0.306401880375707
0.0336940538483196
-0.327501663812962
0.418994011328282
-0.662392515308794
0.263552202154739
0.212376272917866
0.249482401048348
0.290466149417608
0.429666469950553
0.0142475430124519
-0.0456705729688383
-0.34257410644577
0.0442491103012124
0.0627621043547969
-0.120077263959985
-0.198683672646891
0.083324381293984
-0.147979630909923
-0.208755291030601
0.666307937222722
-0.219590754627894
0.0471674944591942
-0.0892745241233476
0.0836907957476044
-0.0778115302979546
-0.0124964903590277
-0.0438881253083663
0.211085366259557
-0.236854539227849
0.00384988633617758
0.0907392902377582
0.352946986791776
-0.180693870899326
0.213064680395523
-0.0324639423937841
-0.23118080836861
0.0214330867782081
0.0891937033575296
-0.184238662708475
-0.108779751328703
-0.290871772993765
0.259000871211281
-0.308299522360775
-0.0813812535702884
0.0128363144096247
0.168414895151276
