-3.64019904747761
9.62525302144252
-0.124715217984022
3.18161831887585
9.70802750862091
-1.89299706208918
0.000578202957903784
-2.21474572562101
9.09213914592819
-0.744583408728622
3.20495267680425
13.3592189267058
5.19656939476113
-1.38728309851863
-3.71930677045336
-6.3443723462676
-9.17805465316646
-2.63001932968948
-1.13176665185432
11.9765268503528
-5.52599231582601
0.429674413188784
3.99480093983663
15.2410054075977
7.10920921611813
-1.66758530474768
-4.16501098024103
-7.13835844240666
1.01946767557592
1.52933151386368
4.2181484552024
7.36117672080383
-7.05629775294515
-16.7911637098253
-2.36307574269767
-2.21453556856098
-2.81161807297848
12.0874397671851
12.9436638432265
10.540224027324
4.34488229101306
1.13633742153116
2.00531636313916
-7.3454929259916
3.75905336751169
15.5601000052406
-1.5270633774492
-16.1557798301566
2.26184746267147
-11.7129297882704
-7.34859140596833
15.1622768056286
5.22663623171635
0.0631681485553899
2.13362609733336
-0.466147138036411
-5.59102627825196
-10.124806347954
7.21774001381378
19.4898212714188
1.1708216974056
8.94806043977494
5.9301088160536
-6.10373756333401
-1.3134110898921
1.1186440849694
-3.2320767080621
-0.271367299489921
-3.65680981238867
-8.0568298809332
10.2564247722253
4.39770820705669
2.81639345882399
9.97114368906878
-2.62943858105096
7.51430671279968
8.44678582199367
3.79668695261621
-10.6838151575019
0.236814356886214
-5.85145909196484
6.46785584379843
-5.28327785175869
-6.16316176369612
10.15926590565
11.4958512731889
-2.88845955467511
2.59984753199982
-0.253015441528036
13.8599477989392
-12.3859231981019
-20.2193772970756
2.28737405588977
1.75865629062244
-7.94186200530494
-2.23546550566128
3.02285967857369
8.9324520542437
-5.45545204321045
-3.04217192018624
-0.710506284885816
-0.110523569724846
9.46145399949736
4.17456631352353
7.38147866877937
16.8634466906269
2.73860270590073
-4.84554592940612
-6.20099464529507
5.10146464869755
9.63967284872256
-1.67826378982995
-4.08939613400725
1.38252231792322
3.65919198010516
-6.68722542579426
6.24868214403311
-3.63186217373276
5.28564951429021
-0.615399046926275
5.4279326558316
8.57025625075118
2.50123345963788
3.28007214741745
10.8595731084507
-5.78178522906485
18.0878374804324
4.27727821550263
2.83097711023026
0.143340722155962
-8.00932539009225
16.2604415613871
-2.59695415347619
4.76502004482222
5.26599503387452
7.34347583076459
-9.32580247548993
11.472039785563
9.39608443778733
4.0228962548757
-4.41100773489187
14.3483047993912
-17.9494192058027
1.63187678465955
-6.06326643698568
6.51836757848316
2.37527516325602
-1.1218645017025
-0.951533322958784
-1.45776204996897
-9.8823581396924
-12.7660162457704
-4.90775232361344
-0.33823063277462
5.44956670494628
-20.4260999918183
-6.59174708308143
9.18703073345263
-5.32880951013644
-12.139702796556
-5.22349606452554
0.707162293115085
2.53090588262178
-10.0972436009722
-4.36993762364345
11.208560823655
-3.10010992099253
0.195055405097487
2.15896553386175
2.88668777615013
3.37684907114539
6.38332571137829
-11.7088692805045
-14.1930420536661
1.15345837460703
-0.872945034320905
-4.42174025484784
4.98980362695182
-0.881905230969432
-7.60026555854237
-7.57608153899704
-14.1349236150049
5.12095752833423
-3.38806447886649
11.5954524072515
1.72737742779756
7.35589988774006
9.09202724781374
-7.55829365981622
-4.61740127581481
-3.00276016687274
1.08892307214118
-0.188276945770865
6.73560393848554
16.5462802279051
5.02445262797107
0.368505236360164
-7.50341418086713
4.71584033389647
-2.58331504152183
-7.49312050314081
-4.519831768076
9.6979242815734
-2.95041415268568
-2.08203979782523
3.80950591809133
6.70606174402314
1.05601251748841
3.64274874416854
2.36615836514429
-4.15166966920996
-4.89239828271727
-4.83935437816662
10.1601309986224
1.57584034536209
-3.59982759658079
-6.14106307547821
6.86458936071189
5.69153069526185
-10.9272593162223
-0.421422304775677
-0.0154252137059681
4.41628595163064
-3.0730630323324
2.0513895661467
0.0846010841260003
11.6539216600766
1.38467005454481
-5.60632847528121
-2.22858861314168
-5.02832954521896
-0.543024458992624
4.03097386995925
12.7418147306214
-0.691515748831212
-16.8954627414045
7.85032712622083
7.65997986544739
1.47983458397762
4.63347485545726
13.387167675012
5.97330546955583
-6.30212930716104
4.34932346316191
2.91076677498893
1.71132339412855
7.57234547798336
5.00210946837118
-5.6146158332192
-4.00444346231633
6.22002166711941
-1.25994715847456
8.26751586076816
-12.546546600512
3.47777402761704
-8.53913978002962
0.327136407200572
1.14953821877486
1.44671273088303
-5.16303956720495
13.7236873828583
17.2441743781533
5.44335151713777
16.4503911093662
-0.98730882960861
-9.6371425684235
12.8482771924271
-3.90761314145032
3.96853941512731
-1.2284074756834
4.38869336833182
-2.75119789621857
1.53251005479242
12.9742380753123
2.88356152331942
17.8433118340277
4.36799626829573
1.1891791207349
5.90529742951433
-4.47024786217305
5.79173194192383
7.38177344065039
3.52176979205374
-6.77495160147166
0.277306935976222
5.00564083514099
5.46781547663174
-3.25381035050779
1.55438910856173
2.52760991444287
4.90570331983048
5.11773280641851
0.243674071500478
1.46244719603255
-1.24757256711413
-3.39430299750025
7.80444757050025
-1.50739748801113
13.9299226352826
0.576208871665862
-2.43525996838223
-1.15904050736515
-9.62592875381778
2.49349244777846
4.64862364473916
12.1452237753077
0.000760308581413405
6.38951732662187
5.3265682128615
-1.3098672852839
10.3032714999665
10.5629139062894
0.113399852434739
4.99700428382259
5.10589891672353
-6.40039116810177
-6.46030745150295
-12.7701976644459
-1.78373067366962
3.30618417715843
6.30427514135957
4.82533585935771
1.90074581068157
12.8494797507857
7.32110214784771
-4.3100770874142
-1.73886536561029
-3.78899454104579
2.62521909838299
-4.03996881697108
4.18956179717803
-1.78347308378323
-8.94156559021028
2.14670165261219
2.47374988667417
1.92908423142147
-0.248923786653302
4.26155562324438
0.130614441442911
3.90238256336947
-2.66649145408994
-8.37418324552186
0.544982641899447
4.03759960155244
-5.37704905739094
-12.6791507740783
-10.1263639712254
4.4965502542247
-4.14911797084739
-0.985035117691749
13.971683614713
0.883449776631123
8.26255842196734
-2.38277149469744
-12.0125802267954
2.37205141407905
-2.33377058279947
-8.74339901398898
-0.689590537132895
2.00550062621237
4.48626727372144
16.5379492849692
17.8017417545808
1.72650174087402
0.413894374406185
-6.32009051041033
-5.75724702862771
-2.23636000860657
-1.7382202536457
-12.9931701271509
2.60539862526567
6.84470374642129
5.02145056851719
12.5378035506565
-6.95219768921739
2.01205307919525
-1.37204520609894
-0.699922793241983
-1.05387727390169
12.8428743571792
0.27737326559301
-7.86702827881334
11.1579271738065
2.09728535548891
9.6245074464164
-7.26030940100584
0.308319577286213
-3.87517003194171
0.640290929497965
8.59997804090275
0.499369653764165
10.3253284672003
0.91843479801188
-6.69375117730793
-1.10147704613495
7.87018027156112
0.346188157389361
0.831749665953753
3.27036255449286
-3.32435399707955
0.101610300839619
5.46738617626422
1.1596491063086
-3.3417685325916
-6.22331377428997
13.7082603197752
-6.05539182014758
3.20933122539453
-7.52983450151866
4.4068046335155
6.21974768556136
-4.11579874835428
-5.76265149722681
-6.89882936444724
16.626734469405
-2.09635477313923
0.640166678230103
0.134470673919515
-0.20283337981327
-1.6441969614953
-9.44923838875925
3.81724538380733
-10.1617731833028
-11.3976560223044
-10.1101049026233
-3.36407925278739
-7.14840406704009
0.202945365053736
3.50984596420488
7.29947438732931
7.68304763194161
-4.05761036536692
-3.4822733580735
1.771721525211
-4.05796498840408
-9.50651832850322
12.8270755294619
6.09913339781574
-7.25118901921319
-2.37308015237062
0.293099790861839
13.6627974579724
2.74951717891706
4.30836747662211
-0.991385965550448
14.7051511867417
1.70006457724171
-5.36031343350698
-4.08326808101769
-6.13008160019984
-1.00905629923126
2.31703669616626
-0.0947877836847555
7.95867715627479
-11.8446739110144
-3.33427780943429
1.26046414359391
-4.28877001787226
-0.328934006977537
1.68883508402676
-14.7946808392987
2.32455140309547
5.22279804221373
-13.4298923193869
-10.3202277875719
-4.162271250705
4.50338237118601
2.21101803323115
-0.97728041753765
-4.04048249532607
-0.056977773452445
-8.47742864340704
4.24629332354711
4.83975282178075
-6.81654832128118
2.14087249134538
10.261499224537
-2.83322946647444
5.02877550925726
8.41029820072155
15.1406706234816
9.51930837864096
1.62695635684422
-10.0606591362898
4.90758062534755
-10.1290966385983
0.998763031818243
1.59571876958809
1.38947663902545
-0.0375848897576296
-5.47422164109059
3.96709855258808
5.93520707339716
1.35964700945102
2.09296269134322
1.18744952153762
4.97116263556968
-2.97042580361874
-7.48594067236926
-16.6885844730424
-4.69261772342277
-7.4682907570898
-5.52923066879246
8.54941086973969
-3.82914303565467
4.88462396426521
1.77639637172849
1.58485673125521
-4.15548887381392
5.14122426025953
2.7309250622218
7.18409443118161
1.59920761510053
8.62492715229086
-13.7001415411495
8.72310488963906
-5.64069435925984
1.88451581163377
-9.39159519618062
4.71784532212529
3.90809873448188
1.4229343342737
-7.00749623228785
-0.968749719880889
-0.479443493401298
6.02199178373182
-1.29181210145551
3.94962119647343
11.3066337053127
-9.75520481853126
8.95322318568556
10.0677434267207
2.55608992437288
-0.961833803036024
1.22448480578518
-13.0375624223144
1.20647795259051
7.12387541817591
-7.25618586274753
1.60670991220355
4.35277715407696
17.3187275523063
0.424911472179565
-9.12098295626146
5.74936327777766
2.88361289690462
-7.76672576978036
-14.9439039946511
-0.112206186463878
-10.840208637519
4.0331690417034
-11.701890280152
-0.687344014634319
-2.51669488751505
-4.43440047344942
-2.2723499979509
7.36076821608607
-5.2069868466766
0.525778374544215
-10.5698322762186
2.38824892373608
2.16113170135592
-13.8899162256869
5.9094806669997
-3.6955474928155
7.91036547016169
0.0958963572562594
-1.36023639255935
-6.47031995625156
5.46271454752553
-5.1043098642653
2.21352242523162
3.29328544677531
-0.927404816168605
11.8394246552942
10.9693761919797
-8.52622819560999
-8.4831966504574
15.0594907939681
7.44075281103178
3.12231111075412
14.8055499842661
7.53397427842715
3.19336626629051
0.560863060502625
8.32179158828597
8.98323441197234
-9.73907869829371
8.30623479689709
4.2065247334625
5.61898318419096
-8.13429034345202
2.78083162644173
3.67689951891516
-5.03105011647519
4.45426584986315
14.4935000208473
-4.05160344757534
1.00566151409365
-2.95642113361525
-1.32696753219909
-4.15508554804343
1.02128406429769
-1.10942057481526
0.531757090670229
10.4148187252311
7.92851974812163
8.83079180337332
-0.819494253056092
7.74053488644106
4.34064168098664
2.13518921211894
6.40215519493135
11.5194770162972
12.8631004925055
3.11163803669081
-1.33648098782594
-1.42265214264466
9.2424194148875
9.7438479799403
-5.72835132935453
9.62424023777929
10.6475555635039
4.18321817120274
12.3135721149729
7.807616022908
-1.62626927044512
4.81361175605084
-3.23134205443596
6.61000277959764
6.73540471676618
7.59984271464318
9.81488491909054
3.30876273444436
-2.81545836829114
-1.15696860916508
15.8630706076805
1.08597883796352
-5.36267272170353
-8.31114262824609
1.60228732705603
-0.662302326173164
6.09784007620434
18.3277666868685
-2.63027311348983
6.0438478353415
11.5209052547658
10.9217396382588
-11.2084362314696
1.24074033790386
-6.15457263054856
0.599046493417443
-2.52652680010061
-4.19129899444499
-18.7574966888663
-0.530550902457294
18.6593835990863
9.96037534180626
-5.7389012843166
-7.92660818804536
1.37665136808742
0.418170046064849
2.89601129199568
-1.92069131848961
2.1300023378092
8.79798480402162
-10.8539075620999
6.5670918556015
1.49827400334638
2.5834561055405
0.838425157085525
-2.44465545650323
0.855011834798597
9.21290292330156
5.73727564956004
-3.38357184917997
-1.69719490634298
-10.641977544167
-7.42986114290817
-1.65613071279895
8.99877737919023
1.96833319780316
1.07936952887085
15.5941584069875
9.34775887068475
5.97966705578211
1.02004665056389
4.73114185019406
2.0013219353212
-2.44963186626725
-1.73096101994382
-3.57079984310109
3.33649369321989
10.3331779264047
2.10302583669787
4.88992843935732
2.94332263759577
-3.31332012725106
4.84839985943072
-10.4831369969599
2.47396108762884
7.72480528317647
0.280638506654198
2.80425122147932
-0.124079768666176
8.42423378940175
6.87228531184975
1.59400088958443
1.05179673660761
-0.958519286796241
1.81685248218521
0.8831546357894
1.37887581909685
-4.85249870474017
-10.8456120815781
2.26474450157204
8.88074912912157
-3.00315261231096
-9.33793691575871
21.2478990976481
-10.4480275915367
-5.87637054656232
5.24766770372126
1.75564182435682
-9.26113798179629
4.00595315105654
-13.2381465786822
2.58496366712641
3.663840386837
-11.5701427022972
8.78521612322022
-11.3104790863835
-2.81543958843627
6.51906691892057
8.78148516847326
-2.71083126827637
-7.48141543694453
2.33057376241906
-10.2198911259976
6.50459528845772
-4.77746277800967
-15.9082277700491
-0.100836670903329
11.1014075370855
0.806499812002547
4.61661079971577
4.44224441779725
-1.3397602311383
4.34536826693675
-9.58959354472574
-2.56745827969985
-3.74402088842395
4.50634077938925
2.27388189989145
-13.3705829462871
1.7738855765609
-10.278481280456
-10.3783610074191
17.6607001172386
-5.39621995407312
4.99210306662897
13.0946950245581
3.43823211472617
5.56676252088226
-2.46390987507131
4.03136130930557
0.988899906064238
0.0540383350231205
-10.097340605601
13.812637467193
-2.42528076467429
-5.13849708923188
3.57100393437501
-2.7003623320294
-9.02968786363691
17.1422732887287
-7.37684994617705
-8.02392174573711
4.95572679024053
0.362112098083792
1.64285929272537
-0.537900151699905
-7.92966246408616
-4.38934585854318
3.81744641091066
-0.641151960618553
-22.4721871326928
2.07503848514486
3.60917935333972
-8.9207325652917
-1.32132204919617
11.6949115066855
-1.58456829558606
-3.74271196883768
-22.6478678804211
13.422599868839
8.65462380513085
7.8700920699479
-11.4691376014448
6.06200895252087
-0.329641892455498
0.163471500735834
2.05868653898771
-10.1659446731983
6.42735258080698
0.474017960476972
-5.78293384193592
1.20068091416895
16.6480977565057
-22.3989382467509
-12.8495138145961
1.31210980203339
0.200876438039833
-5.16508379310655
11.4855465414649
5.47433366767166
-15.6638014570293
0.449202026144723
-4.78581871794038
16.3547003002787
-1.77168765083146
3.62357785398137
0.957373936402291
-6.77637813098247
6.14037661962408
-10.553770501232
11.3596763694006
-3.69427913644596
-2.52204544098895
-3.6659250827436
-7.84892994891409
23.5978446836624
-1.88347983156191
2.5202773514053
-5.53155175362558
4.74690268010843
-2.1505960523317
1.89730974233621
-9.01863651416968
10.5725049294774
10.0028886039973
3.56638525448117
3.4980990071829
-4.27997285136356
12.2625044763511
-0.44601593516842
-1.30954458011081
-0.287273702807022
-2.82385142496024
-7.41687886109268
-1.37740826749119
-4.28679467039824
3.29485211471032
-10.7100546333685
3.55162648373104
-0.11305709307788
-2.48276563539639
-13.9473545335158
6.75671377338169
5.34359343772218
-13.4652710377845
11.7382103319126
12.5346510922553
8.76218942056781
0.811260278074933
10.6772661980685
-7.20538408953878
-5.50444606493761
2.27456557899161
-4.01371803475756
7.0656214772833
6.99279013824195
8.93780264026159
-5.03390106089147
-6.70056270518833
-9.32432225822619
-2.06118630727788
-3.0639683269731
-0.590909136113855
3.62613901423271
-1.96769377808063
9.3480491360402
-3.25882947007193
3.26520943149378
-10.8384721554021
-1.48328434513429
5.57904194781679
-16.0689352820153
1.10389186990598
-7.07094817923918
-8.66426434306751
-3.26067703325502
0.560136041397882
3.32865273051548
3.79916256120151
2.56165945480037
4.03757940487864
2.02987759940726
-4.67439314229165
-1.52756330743362
6.04944092769139
2.93066949916036
-3.21953842597461
4.16386291955595
-4.89116231625896
5.22791868044029
-12.3742191113867
7.42708764795794
-6.9981701780217
-3.37562081067174
5.94114894303115
5.81723018666298
15.1009455033386
7.55517083233247
-0.909620718584674
6.92627343983805
-0.896518861923591
-0.0259727710279298
-1.2455861025796
6.98870316508908
-4.20265611321119
-6.39358317307208
-3.79969350471007
5.22686359779553
1.81257778688633
5.76817146751276
-4.23778556161466
-0.310972269831634
15.4791082540869
-6.81579074893653
-10.7331352372038
1.7495867674716
-0.191667424371374
-4.15783425307936
14.5513371680119
-5.46559260356215
1.15536600600849
-4.87145721214822
-9.07780208256276
-2.17022284368256
-4.04336348491659
2.74906349877313
6.9407697707362
3.82202603179394
1.731231666281
-5.89189569024435
-8.10275411206058
-4.40813458274697
6.93288919306208
-3.85873914391003
-14.5397939096968
9.01704550903451
-6.96324825412
4.77327103584674
-7.46325362973616
-7.38065517225786
3.136686527103
3.55348956152731
-5.28220928416056
-7.05094823909675
-2.69514394707818
-2.25856309101667
9.60140067080649
-5.58804241269238
-10.5748218261635
6.50351841159281
-4.97152244661029
9.7307990651486
3.67255830423627
-7.92886383243049
8.68007962574524
5.25439327574826
0.561895754041017
-11.038953201181
2.13020115339018
-4.28889512325794
-0.86826684667322
-2.06290804813574
-7.51836210370115
3.66639490155011
5.7050341371425
-8.1004069937088
11.4072717785277
-1.77289661495428
8.40967916156514
-5.37995679807558
2.7497126514282
-7.68200342668091
9.66034426926681
7.49872475727621
1.12740252726068
9.82200775587651
2.55066210562974
-5.79266813803113
-8.11212153445029
-4.14316971397565
-8.83351490072843
5.36417064228282
-9.4659983889887
7.05751536752593
-7.32710150415685
4.38038030151851
-2.85026671234042
-5.89120712448565
-2.98886736797037
-15.2660583464379
-11.9119136317226
-2.40378826091428
8.58526733532779
4.73727456983848
-0.596863231650501
4.23537275252596
-2.79930016406519
-2.86690986699996
-4.55512513389585
2.74859651014247
-3.44255450352665
-12.5400348487726
-7.9962892709901
-9.30804909385422
-3.66789560874881
-4.12639282689127
2.48387396776183
8.23629420936531
-2.21316822610254
-7.15524107858164
2.72214694047661
5.55829040753435
10.8394219838664
-15.8275732696716
-2.21420363696108
7.29091317692493
5.32311111059696
-10.6558579899444
-0.872191546158488
-9.59211910313958
0.902229545185936
-14.0001019652919
9.86983578724334
-5.46456081157152
-10.4489983927604
11.3668533005486
-3.16440817946426
-0.0606507673951775
0.834664244762397
-0.816396747562164
0.502861591399033
-5.81484590225432
7.37512727782022
-4.30344999385303
-2.16249371986465
14.8973743837403
0.474972462657968
16.282432104145
-5.9364409789664
-13.4377781617315
-5.48907756751864
0.883918253858822
4.80584693397838
-13.8975407740373
9.69505435444742
-1.82726028225269
-4.6799147784655
-11.5623266031343
7.92608155617492
-12.7004041693548
-3.50782017950114
-8.58936998500256
4.54811193080061
-3.83396202334807
-4.62626721778591
-6.40179049686446
-7.0679498423266
-7.66742117462159
4.40707295254656
-1.49504226673203
7.91601387072503
-14.8376714379661
0.307618733911004
1.73503173531165
-9.86760634391141
-5.00573760884155
-12.3764291089568
17.9229152668389
8.8497794848667
0.854220884456682
0.0223088356029706
4.40846476059546
8.76677247653411
-0.702920081673967
11.1182650192054
8.07598694104797
3.05181013657794
6.36407633661278
-7.64678101052657
-9.58741513211769
0.617326352351931
1.81758279708941
-5.37994988587819
9.73438736461752
-8.1894416343326
8.27047594767673
-5.50613948339514
9.46464063588215
9.3470432435761
-2.50955446948745
3.55712656230279
-5.09310347958472
2.27143315018051
3.85940125456252
-5.57585116100421
14.2180176569992
-21.3763211894966
0.439217356063572
6.29570794342621
5.36355457249771
-1.77702850146806
0.535339662062339
8.0286515515089
-5.45327623577546
11.7282791707532
8.27884853070214
7.94987427358846
6.26319723209166
13.1459823161498
-10.8865199574961
10.4781240757751
-1.34175617987434
-7.81877227187089
-0.357709934609743
9.22949268258228
7.94849197203376
-0.448143910214226
-0.0837684528146339
-14.7239211403031
-9.07036613289512
3.70427994305792
3.26771750573499
-2.19061831259788
-7.16171432368707
-0.301900554853359
0.290792617323099
-9.34362337312179
1.92857755552825
1.59455551790333
6.12434847108848
4.12708489860229
0.966948214275457
-5.75565308794216
6.62829035534765
8.24481676373338
-5.82608967345543
1.45574460347969
-8.56416201367942
-4.97631344098759
5.46099919804313
8.83250410911806
-0.770728472303127
8.92519187330547
-14.9398405280045
-1.81424114664508
-2.27090133121133
-8.09947526915065
-6.25951551569097
-0.971531572783955
-4.64344980466903
-3.59466894667334
-8.047390774755
3.45309865262774
8.21094566566698
7.76268830484705
8.19439311817323
-6.00102718961072
-7.01475306057944
2.21067276000697
-8.80559805772242
-11.3918667017249
-7.66822032282077
-6.41772339395053
-14.1769999210681
-1.93766260349985
-4.75153384227121
-0.554384422872539
6.2844063989261
7.68917672264468
5.78127834849357
-17.0115667795782
5.03609635264035
-10.3240318734021
1.16081783384903
-10.0884446443131
-3.66924136715113
2.83378362743017
-2.68075108211749
-3.71588769827517
17.6984484005838
-9.68270794973176
-0.926066722970403
3.45852475278869
-1.64911292178446
4.32961810077257
-3.93474313938572
-7.0562547108664
-9.59778705275562
8.6527636932564
9.21256014994102
7.15436544133858
-10.5538069076735
6.01702744630996
-9.98798066561056
-8.78655149544622
0.30717667318885
10.7047932422463
10.0381741855382
-6.6239114484926
-6.23083428125056
10.8180820119987
1.19653583721211
17.6276596457449
13.878692893499
-6.97890888644731
-1.35301876623103
5.45100990203747
0.145325882313775
-0.114834919569272
1.70030130208586
4.52278867878233
0.64627069729302
10.5155072350313
-13.3728326878635
4.97389307363228
2.1033982140579
0.0541467963581854
5.85198686924703
-7.08419992294857
-6.22085889769459
-5.39247426885018
-3.74492713261422
-0.831084147120374
-6.46716145783428
-2.87872466988039
-9.93122796050895
-6.64161793129118
3.0618371760386
2.67407155211411
-1.39492712173502
0.0941978120474938
2.23429108625531
-2.4286575961373
-7.7255633404479
15.6850188772094
10.3549758575321
3.45585527755928
3.5769212823997
5.2284421190146
6.50662380941145
0.108325016910837
-1.72002780688236
-6.03706762887543
1.10028846236562
-2.20785656075093
19.4921970129938
1.8944500727827
-6.5110270091225
6.41613586659235
2.09677054009488
1.49109182348125
-3.33242176092071
1.94191987318243
10.5261784627736
-7.6563348878336
0.366014416306077
17.6713450555289
9.96230080018372
5.31132475858505
-10.2921858628599
9.84334097111226
-8.24674134557164
-7.38234021231608
-14.2019799966746
0.526560282920254
-15.2155812297536
-2.08495858761704
-3.87408652819111
-7.31742492573911
2.19556468405501
-17.7126107487326
4.88799340554803
7.06796234244805
-9.28088675649733
-0.221661290049399
-3.43314730788518
-0.839458285167949
-6.1187040263731
12.3929184107106
-2.03509947156313
7.91292297526288
-5.06123195621304
3.14945104814457
-12.1445652355259
-7.0008644221129
-1.60495088944305
16.4325416742944
7.04695444671922
0.578125258101995
-4.39160547063153
1.87039355299008
2.41794385257996
4.49666383661449
8.29893816691443
1.77217779582219
-19.6757429134366
-8.9320052738742
2.06062403588011
6.34433488371601
-7.01035634964898
1.35344266967335
-10.5078120405453
0.55919352245642
-1.97450094728235
1.02756471516753
-3.32198472541737
6.45514804878862
1.50720419666565
4.75115046210982
-6.66775314810562
4.40424219058776
-1.92177645844255
-3.74316146320683
4.46190966502398
0.747402257522343
-7.65705372841412
-6.30317121763521
13.067011306856
-11.0751315929458
6.29682584557426
-1.64241723277292
-6.62194167589612
4.32587474478372
5.88828096165639
10.9922089440615
-12.8724214776988
13.0622173124621
6.70085850825793
4.86066154829637
8.79305153493841
10.403971468631
4.76425930664832
-5.65935316528153
14.8297217005563
-10.3205530206658
-0.951427481275738
-11.9736982963849
-1.52046631836593
11.9898901656373
3.07298918361431
13.2369629108793
6.30572002076965
-4.39755639607448
7.37395627333532
4.77775059798679
4.67249812341432
-1.71239735396403
-0.137439551700982
-1.08803056923323
10.4523119199299
8.19263051129228
-0.769884120709432
13.8029236117701
4.08577691516423
-16.2481048522843
-2.96949821576747
1.629404392012
-8.15874601021925
0.429355544851703
-5.17329285819595
2.90512746922194
-2.29051016592033
-6.29962649273103
-2.52889005718626
15.3229292605833
8.94044926110427
-10.1409594839734
-10.290550885738
11.6964913101758
2.68440320446394
1.75215658480925
-9.10496425398104
5.02352443462951
5.16190921417815
14.339515740715
1.20231662207179
-0.147261022296863
-0.44700359686559
-1.4597044427531
-16.8560477246988
-13.4411591562416
0.500328086163489
3.6749982403073
-7.36432625606052
-2.37408692380387
8.18401334601761
-1.68937639667297
5.67704140913378
-9.45712598930924
-1.65443428139735
0.430310293127589
6.22412187374007
6.22828335596586
-0.102880474538168
-9.61413476044637
0.155316795095158
22.5244005543668
0.20111655636888
1.23692916297285
-4.34416442807753
1.15113206258006
7.04322252613325
2.88283319645297
4.01777894111313
-0.580474330126271
11.8215460757518
-9.70493424947484
-0.0110020960416914
-0.940403841971539
10.3830146360486
-14.6455007242361
8.34042161142076
-2.30309554308678
0.35607504801225
3.15453136602181
-9.62354631870878
-8.33532334786568
6.909038196538
6.56261893833075
0.501650586155176
-1.47761237529705
5.53514824445443
2.055952876513
5.33833617106117
5.35426868908062
1.54657455781307
-4.89752786601387
-6.71894573841003
1.32291490881138
-12.7432861603426
9.99656039911144
-8.59475286806518
-12.4383373137718
1.48171250978715
2.17358620262795
1.21415349811544
-9.02937403775839
3.17130337237324
0.896779844971352
-0.0436933040298508
8.38075557620585
-5.87801650164373
13.4046249481237
-0.533623092286318
-6.44780238193694
-3.91919675947574
10.3307366601121
7.98092994972228
0.169175270903583
3.20269494620923
9.10566952208015
-5.28636225042157
1.77572417283495
-4.889934680538
-4.59961902252578
12.3592498771428
7.04437865167191
-1.03659955226822
-3.68707675194812
2.23806253408934
-5.30856023330454
-1.01117427836115
-2.09724377770802
-13.1916457063496
-4.1168377273793
9.47721930451244
-1.86429841467198
12.4935173899653
1.03504449539857
3.4601241959963
0.179558206731089
-7.08262207989994
-10.7375792544346
-9.50606443624779
-1.94668484258518
-6.50957041256147
-3.59136589575184
10.8959065447156
-13.5885854241084
8.37600462139667
-8.04369991456214
-5.42792867336148
7.13814272659225
1.97737810829838
4.25628211498009
0.41532681131406
-11.0156681820611
-3.82772191285834
3.56055790662203
-2.52153246402201
-4.62362068609129
0.980983912428369
-4.0393384521196
-2.78178800163049
13.5493348557328
5.88710395102532
6.21022324666907
13.5211618397536
5.37816898417193
1.59415364079746
4.63767356664054
8.79288289944371
0.222498323252853
1.99370793081427
-3.44583294254825
1.76429177436738
-13.4090625108357
6.62670482135361
1.41101837464507
13.2607319142843
-5.91761360113797
-3.37470810778441
-1.21857298348703
4.07097379703101
-1.04478455460854
-6.18676826466569
9.24419452804971
3.4019623569807
1.52078728677431
9.00892477768495
-3.18376308478097
-10.1062575898476
11.4627759146701
-4.25700215751593
2.64167827958261
6.14903185947772
-6.2870475191184
-10.8396844409322
10.2004179324221
-4.34743354064451
7.25119087732519
4.74779999358184
2.14838854779669
-4.9116427342072
10.338835699829
18.9009466431148
1.4631552207406
-3.17458825512459
-8.93608155499986
6.06401384977923
11.0807400894953
-1.58046386630465
4.27023359169577
-10.5145207307561
-0.496739157595601
-5.92390472218861
8.49148899923771
-18.4939414695514
-2.87964730955252
-5.04103199537366
-9.26705075621295
14.2823221592133
1.47711102795894
6.81358460935434
5.958339737066
-9.93768390145047
-13.8691422934516
5.66398105038947
-4.12415890228511
5.46735331877578
-2.61903514602326
-8.28232537339747
-9.83617345164583
12.0457438430759
2.65126047457028
-0.125132148734654
-6.55760599947459
-0.389175851238281
0.891920026508113
0.184320524319848
0.767244427112069
3.87442742626729
3.78787569983867
-9.68628952332648
-6.16108186391505
-7.21063917287692
-5.80009160441138
3.39971542308785
5.92776365694393
-3.46372794563324
1.90660014310856
8.83130382077478
10.7256749596267
3.34383069190129
19.244379831771
-6.54428556038415
-2.2329177894015
-8.50020080138076
-1.46849138534434
10.6279770331209
7.58812247079315
6.00683828696595
2.24042521353663
11.3170197781247
-13.138171126131
-8.68862986765475
6.87022277174044
-8.80866842896147
-1.79440149356667
13.1286498956869
-0.236671375694515
-6.26858976353481
3.75181645085218
0.351912686765602
-1.36853429536586
7.70876210059894
-1.25704255094405
-9.13291518409833
-2.72557023666844
2.40856327894099
9.51914796727481
1.37459369729763
-17.1756526616336
1.81301308422816
-0.250328227903527
-0.427421225369879
-12.2818106262483
2.99628099515782
-5.84619598823135
7.40855299822719
6.98227605142383
-3.98600302178334
-2.10015584842895
11.4443906566021
-3.14623219752663
-2.37211889631715
1.19605969033183
-1.63292469175387
4.44191674061007
7.40466215168404
-9.76182794165716
10.3280350761778
-3.41902625978787
6.72839152334367
-13.0660004863549
0.0146229561863107
1.87674661622262
-5.09442249182684
-6.33918727619745
22.4452850439826
-7.25408351510172
3.41609595463133
3.1654542935151
3.76459654000481
-6.56953185297019
-9.34507649844076
2.13453284312952
11.1854258704495
-2.16179982940135
-12.4311434154755
-6.7753357567192
-3.68245535788253
21.2738283439581
3.68452425860839
13.1040971520599
-3.01096302340562
1.3522121859702
-2.26806396298832
-1.47946799832023
7.84289148598064
-1.41792069591029
-5.48434229790548
-12.4138675077779
3.65473113183213
-4.2961972270204
-3.18977201215388
5.35112580481941
7.25817992558531
-3.90276456408544
9.87464022580942
-7.00068544497404
4.38954816284863
-1.80761994212941
-2.40992115094169
12.3492608699941
4.01507708747446
-5.18637501802663
0.328630895470504
-1.44113783652198
5.77302919816104
-3.30943298767462
5.01523214257526
0.0016279066842193
6.40776467111308
-5.05267105902362
-2.02083449295836
7.12395405130778
1.39338511043054
0.175603421323013
-1.49975496917164
-4.53463779445143
5.30954276699822
1.65989090982978
4.73182245764474
-0.62356700712718
19.8551255220246
-2.86409341948982
-1.82053619797519
-6.56771450070465
-6.57317553912241
-5.35148439125053
9.23275660465741
-4.04736876153106
3.045568544364
-0.799686992920285
-8.18975008512134
7.40789289279673
-4.031982563864
-0.249869617648627
7.75765285974384
-5.37780444102779
-11.453146931944
5.78092302763067
18.052432559529
6.02002141965052
-3.71895389342656
5.55213031649237
-12.5219706171882
6.16591294547187
10.6950580174923
-5.47728233196369
-3.87257584368937
5.52900017600501
-8.41698231613872
22.6664904586196
-4.96463867901441
-4.35938077205995
-2.1713021546793
-4.71203559578363
-2.40990409488442
7.70732687248355
10.1702764894083
-15.4278802700731
-0.121266282281885
-8.23511127933658
11.5545741939888
11.7428014664134
-2.94976895758088
8.05573188801031
-0.641428661473188
1.01622931214405
-6.4666703840716
8.34174479017194
9.63136694127894
0.365006226621087
-6.90617825884113
-0.67653925014353
-3.29115081313225
5.57251241573121
5.94165920037832
2.53599560161741
-8.0771341697066
8.74781789885175
4.33941301108719
-2.36226120660858
-10.5041363465746
4.37179660404392
-10.9155783241153
4.02910265985676
7.195741856191
3.91939674766201
5.30647284443694
-0.149872494563372
-9.50110348929001
-14.109274507973
10.7803065457175
-3.79412084142848
-0.389395482946461
2.84458983081537
4.07843011318753
-7.18021357895466
12.2380573663919
2.1351168033311
-7.53486976045322
-2.0125301632382
-5.45178160424627
3.08608246479128
-4.8193720034787
2.96042135443096
8.44721473432707
-9.36744711278247
-11.3173059937352
-9.20244917286696
-0.953408773499073
7.82853796275695
-0.480656410746445
-1.68969300924767
-3.85012280208708
1.0471994514019
7.91977045015996
-8.09381889718964
9.75287510144676
-9.4455691075446
10.7179598362292
1.38234035848314
8.47336869444203
-6.86954424595669
-6.14696729471583
14.9924775716794
-4.23251938364666
-8.15291527845039
2.58346067912016
-6.98152941496929
-8.79998433487963
3.47711971814372
6.95049673902102
11.7041156390201
3.14631559602625
1.05245765556707
-3.97031566870047
-2.34942797176082
-4.24271167097995
1.06988019045525
1.21043198897835
-2.86113135155768
2.54968210413452
-10.8876961791114
14.8185301705799
-12.3080226317587
10.2448032258772
3.11502818167973
9.33852659011079
-1.80185204474522
1.93264685703049
-7.69648560917677
-3.18467780982275
-2.17770851044852
3.73042992603701
-4.46630861877692
1.6980735760542
-0.67373060535955
-3.42813904670652
15.8951748748236
-2.59423073777049
-3.97465932719923
-2.45443299360212
-11.8113066691363
3.68151724780479
4.96230116173162
3.92998977183009
3.82943162319095
-9.31825260494779
2.23992528309936
9.78243259474567
-1.55794014721051
4.78992813264946
1.20534944510449
6.64776104493139
-4.75761470488288
-3.23619656736475
0.268582817702714
4.58057525406758
3.00213944655607
15.9972029864157
-5.71804635168019
-1.13461717546604
-14.989529272921
7.09936243065664
1.56854119724493
-3.20093255026378
4.20582947801228
-2.58565253913436
2.27288325304683
-8.93826978155111
-1.70544252991998
-0.0412083233280796
-13.8984463945699
-1.36387411999238
-11.7882409969547
-4.08559246893639
1.11156145607251
-8.91578880850265
6.47065283046249
1.61491854767487
-11.1253297000335
-11.4724469474747
1.46621791571274
-16.8064128202186
3.59019884706974
17.6161759439778
-0.922294152026612
0.254557053137542
1.74435726284121
-8.84361074881977
5.56421962015942
-3.14861030069941
-5.86146921701245
0.0102912463777014
0.850524987070712
-2.80848266644064
5.60288046834235
7.66679489972877
-2.58008725827482
4.61491234922935
2.22003205573892
-3.41755647590234
1.96153917461773
1.49085194452808
7.35812445958877
1.85237510589478
-8.33986334835272
-1.15863047270041
1.63197806650646
-5.34866369907551
2.60500780676898
3.794006678163
-7.55990295065295
-8.66575056584948
4.04549104341287
-2.62472421901744
-13.9583390580493
4.5875431842366
10.8247984635454
20.7893084902789
2.65077803002966
-17.3275443747125
-0.338767251261625
8.03406005341013
0.714153298683957
14.740530569646
4.3196656574249
-1.59260456293257
-1.59487522850288
3.41830035735846
13.9594412338907
20.0594107374867
-11.5572766196764
-2.60432649433086
0.796471974894579
-17.1732558496945
4.16995045535038
-3.94025853243676
-3.2967991611853
21.1301611787514
11.4794056248784
-4.21685792693463
2.06257517520861
12.0794011091558
16.3757801584866
4.90610840958712
1.0401461258025
13.0275683373766
-7.01855680297152
0.176878586816584
7.8598801607139
-9.98621222305346
-10.3790590200477
6.42640640105191
1.51270683985463
6.98767822002738
-11.71300782251
-4.61180256512328
-11.1753948663222
-7.58602257812474
8.47318110812295
-6.21293878304574
-19.8890878656676
3.7648685242715
-10.1427492173256
-1.28308105160179
9.07717092672954
-1.75667201684798
10.1958963827943
-5.28225465050061
1.5544571311084
-9.55761626776615
3.34359218291416
-0.128980482188377
14.8621925062504
-3.65123813384342
1.2407663593221
2.57086964350019
-4.07592283034138
-11.0020459675223
-3.71060619375942
8.52145934685253
3.25254638565956
15.6981604447777
-1.97337850021787
-6.29372197523506
-3.30066236064168
-19.3587836271744
9.21401439040694
-11.9390461747777
-3.01970684694689
8.208522775723
-11.0244514105139
9.06090490423644
-5.50931215401668
-0.228936168486979
-2.93568047645019
6.09526145615765
-0.29707408043934
-3.36207396067145
8.52485210294501
4.38207534876371
15.2008793705958
2.19372914191912
2.34212270998994
1.47697898515433
10.2619803836601
-12.2121827691441
3.1807935412062
-6.52222073301286
-4.2028521847915
9.57594706600853
4.61422587955864
0.534079142327168
-0.0435005138617871
-2.27882612277644
-9.162344040551
-5.32152949091284
-10.5233117561938
2.41312201090019
7.85891194333133
4.27278559995848
8.72446514475424
-12.0480325411368
-9.58151081680376
-4.55396375129975
-1.52515892021773
-11.9588232115701
-5.81533227500805
3.80020582221344
-1.24826430020043
7.75782350777291
8.43472010687587
-6.55846729616599
4.37812456574106
-2.29370474211716
1.5628463232511
-4.72001547622036
8.83156975148368
0.00532301469840926
3.43913035788916
6.74851835103841
3.47371834173373
-11.204049360999
-7.70684842978295
-9.75802551820314
10.7520362426425
-1.26439329442264
5.8127379995846
-6.86788450844703
-3.53556686417326
5.51824802427839
3.93271085095686
0.0233012234360271
2.80828726609609
11.0057381022059
4.2145930231484
0.488955828854219
2.05171830465827
-0.117529132618182
10.1832387136457
8.03774753800818
7.2919355330713
7.57653894647853
-4.62147559203064
-1.92897593556445
16.366181475516
-2.03685465144605
17.0750773351413
-8.40324492425547
2.3317110194904
-5.11912081873995
0.810787899355797
2.5078607826463
-1.2719465542297
0.0636973006441934
-1.04361287710385
6.3751713323247
-4.46787218252065
5.84785215022165
-4.57709666600989
1.74795072392961
-13.6650755391648
-16.1457680225252
4.22419700991966
1.69805130265598
-5.81512030390015
3.66904412909673
-4.15863527144862
1.38610631999754
3.88757722411002
-2.79828184088141
8.24990572775154
4.7889216259142
-5.16696555624143
-6.58401588816733
-12.7470238199289
15.3505574889594
0.389432553177063
5.57974942433458
-11.4964175210459
-5.36031629757115
0.708147035017918
-4.06899748782763
-13.6029970059869
-6.31825073611179
-3.85628655355716
11.5608859576585
7.84654842282092
-1.40953297056879
-4.24351371832692
6.80617398567067
6.63413712078615
-4.36986906404291
-2.11988696019829
-5.1130523625015
14.5832261207486
-6.18656602525683
-2.22038210820988
-8.56160972132721
-7.40810442444626
-7.31816667702671
7.56647715006025
6.18445109051675
-4.84280434599524
-3.40434542938221
-7.65021108457426
3.34323471434665
-1.92963796488004
-6.58725182369104
-8.54529188767104
8.32062942389898
11.6904126471169
2.06184628682498
6.19976227593688
5.65564084030093
-3.63813363815373
-13.7022023421035
-7.8960025370487
1.91934062675872
1.88894140337901
14.2234201550326
10.7714836284483
3.66679195933289
3.36901871962179
9.1308611748995
4.20666997237104
9.26584262721819
-2.28281391416813
9.16340174285786
-3.44263075521516
-10.3451206733334
-16.157313154342
-2.84794503638098
0.276822860913567
13.0843297693378
5.80789875969616
-8.29618789502878
-6.26352867872935
0.264636051123192
4.50405507925433
0.90039943640762
-8.06466686026625
-1.90772362522607
1.81841669329121
-9.82354542846063
-10.5528818822696
2.31063096243356
-1.56191250624749
7.28497505341383
-12.5241952489563
17.361527679353
-1.39090232434352
-0.949949091940773
9.37280279831986
3.34130392400223
-4.96054255396634
-2.97816814063674
11.217893822276
2.34927683615706
-3.50707367614089
-12.695421474534
6.28162219224353
-4.12604215804008
9.64720653523838
-3.27425037970429
-0.368923747483536
12.9563260889293
5.75149027565498
-1.21998429329104
6.71581742013887
-2.50873779493738
-1.51520121342368
4.88646465851725
5.919042139153
-12.0058358504146
-6.35261619374372
16.0008207431665
-0.603885715751315
-2.32691042514144
8.73492259560868
-1.11457504685353
-9.02694544125064
6.11364522974116
18.3623366363927
-3.12718063196885
6.33784296974115
9.20363188697345
9.56554321371774
8.10805952145946
8.09467926320364
10.2951367075942
5.60935723859433
4.62540965259167
2.5866857283345
7.12760473318821
-2.02220733665067
-5.91308867172901
-0.0423747374855084
16.2471778884243
-8.61619084706285
3.40621001293395
-6.06816575262203
1.48628114787423
-9.74059201853701
-5.14664819712132
-3.04614843344034
6.13751108676694
1.48957503972386
5.88461072918294
7.33764210691874
11.8620633212809
-6.78144472989097
3.51769863605115
3.49420678043876
12.298582272558
-3.61550722247561
0.231864300172648
-14.5975087682858
2.62315784075642
-0.611216332226165
-11.2913077279909
-3.78713019653888
4.00254978300261
3.0694443315088
-0.802132190215064
0.907999817670793
-6.07738228244339
4.00856277412142
2.94818163109208
2.77941599520718
10.8399674427642
-7.00933043390379
-3.22491902568056
-4.47822493541562
3.7167347421386
-8.5050709103626
-10.9045079381502
0.809936745226535
14.379753103249
7.68001313780163
13.6260180700975
5.02500965807478
2.25210223018987
3.64354688467126
-3.2077413747126
0.353290281659235
4.85410458420071
-6.07338292208764
-7.06792059000627
-1.10701630149496
8.57792265993235
2.02640408729087
-4.1590243489283
-1.25674166604413
-2.04437561088697
0.254805403225464
-7.25267548591396
0.618767077274097
-8.62968353061951
-4.83489835021449
-0.379147869001466
-0.529292981308267
-12.7439790877837
3.12269562891724
-0.973157501072254
-6.36919098776147
-15.9674130207178
-2.67167412439369
2.49088163761144
4.52761010800094
9.49246254977169
-2.66081656360359
3.33781133683694
9.07744470301913
-3.53672898942036
22.4921893021967
6.34039262541015
0.570915698091775
0.527213025747032
12.9231613799057
-3.46212216861335
1.12867471220436
-6.75926145076484
1.2432925212277
-10.3716785800261
-0.971140263808699
-5.13157611530399
-0.160800915445652
-0.546493870199671
-4.4681008721186
10.7995784322951
-3.15772834877771
-15.4277989126312
4.04347081269066
-4.11683956702341
0.398066970472196
2.9342768505491
-0.307334174698418
13.1373761545323
0.82206058473831
0.86534158729767
1.16368414245154
-0.359356985726986
0.56608131535515
-7.98600085905909
-5.80197897071718
20.9757939736786
1.69822170014605
1.37889358614311
6.20387147765855
6.56689354669968
-11.5780108309746
9.55724649092058
-16.0652633585304
-3.8197016718367
-6.74496971086029
-2.40448124248496
-15.7596755122779
15.8766858333161
-10.0960445557021
-4.9510353149256
-11.1509072826641
10.4482135275434
7.4165772937025
-0.874312581145258
6.62325368186591
-7.42833949349126
4.44871066948842
-5.92749256741978
11.3035969081505
-1.50489250435777
9.4495774678497
10.3274653626571
2.76672757661562
-4.00960213125423
5.50258427868238
-2.11199632621475
1.11513918841527
-13.2775629223799
8.0717942510655
-8.11487839645308
-1.12424171299696
-0.00424288195767808
6.18322586827089
2.59938146347119
8.50570698008315
-13.6655149705842
8.40475504890816
13.5903783519037
3.11992648764122
1.01958804384597
-2.81222963003933
12.7202455588532
-1.90893451625567
2.32729772559681
-7.604253335039
-0.792375116104219
12.8863187319674
11.6408354510325
-4.70672643225434
-5.76981636106138
12.1053592974725
10.8250658341064
-5.0497046145897
0.154097776272069
-9.52408700746799
11.9133764106894
0.415246720128823
-4.13923215419953
0.857963639123238
-0.384030215352782
-0.305131636563619
-6.14038723287673
-7.8402648904696
6.58211964198171
-3.41817845731531
3.91199176902173
-0.134117328518128
1.81045811262241
-10.2395233039536
-6.42504236718416
-2.86611838239759
13.8834109208286
-3.84845596273532
-5.23202822175038
-0.811290014247504
-9.14943650979207
15.3074169797197
4.04283981307536
19.1822519405186
4.38572639353869
2.75549007981084
-9.02785072728621
1.49910470933496
-4.27142308728651
-7.93544780767128
-0.48227450218556
-1.96868535606952
7.75971401711099
4.65940979451827
-1.39245853630512
-0.1107736272172
-9.37463268552691
0.93932705368432
-1.94505170712892
-1.11508239251308
-2.99976187621298
-7.66342739991728
-1.40606404378441
6.82878466774332
0.847915292962629
1.49714287518879
0.462975115706829
3.7728823664731
-14.1089576577989
9.59366858417141
-6.28043307854157
6.07520954519204
2.05788062497731
5.63941417154288
-4.24421044850381
-3.44807878406185
-2.1581867449659
4.27429816948267
-1.20851968266829
-0.639093343275015
-3.02954460599594
5.1224133231058
6.93125371147034
9.74369061930306
4.82497627764348
-5.67547202424838
15.7767285467565
-7.57793279842112
-7.07573878004121
-19.4941378187698
-5.08172299508382
-0.311313904085007
0.909535732544052
-1.12630242318364
-5.63812033877801
12.5873241505069
-8.64314783357519
4.57049178062313
17.382502722211
1.7878476046969
5.36541063143549
-6.00028237584528
2.58455361344675
-2.32751228931139
-3.97499904869257
2.76620311767848
7.54029662053885
-13.0984451778231
5.75573323727174
11.0819082584951
-9.35029113576696
5.15005050392501
-8.44176988194683
-4.61590432950121
-4.09469814222036
8.12104652627723
2.30716774478705
-9.44939550894786
-20.6555428819398
-3.38731541172849
8.17958096406116
-3.59597843166053
5.50359176432271
-3.04507887015036
1.46236629944785
12.3211242892758
4.16772788988572
-18.6071702888823
-5.29185495989219
9.26903657182589
14.1692777683286
-8.84538308962113
-1.38858939020018
-6.20262791266057
11.1978677357272
-4.19812164178482
-9.75486986938788
6.19425465146022
13.7445764543531
-5.88485912600021
-3.42826385159519
3.24743873053618
2.66509767891823
-3.81539630692855
4.70273062880398
-9.41651828594979
6.51002635991488
9.64624679419378
-2.28711622569025
-5.48623030102901
-6.67896056017766
11.6084459197763
3.66011758189592
-6.19325389483667
-4.84421465500605
-0.396378331749007
11.7322467235567
4.62202566701458
-13.1950516021236
-4.63103674256285
5.36135811668832
-1.76150486763879
1.82667625485138
14.6449793344556
-12.8672476250694
7.88027520819472
2.2456921653351
12.8725807702456
-2.0466355624708
1.80562818522633
-5.54349339024216
-0.280778475825679
-18.2086159078581
-1.06082326432061
-8.51209910759112
15.5057480649545
2.84167423929958
4.84009471188297
1.07316062684904
-5.83419180760693
-0.049076197164402
11.7911687724755
-6.20269333284756
-9.31943964817506
9.0868832166342
0.044201076567743
-3.99327143670233
9.35547839116583
-1.67732927209913
0.0726471626109286
-5.20309493176774
0.397448324844191
-17.2794114765548
-4.5382045907572
2.44499220589932
-12.7507488917003
-14.3356442427491
-0.929017819139186
8.44272781161536
-7.10244996068852
-8.92644356357913
13.1204679688194
-2.37184072668773
6.91326191920745
-12.5042669235818
-12.8757167339257
-0.846544636759208
-8.00224882069145
-4.9215655809343
0.0106822884234554
4.84565146273749
-7.29569175651662
-4.84241167283106
0.897383870007338
2.40227320404771
-8.5151210083974
8.35073586707889
4.10886340714061
7.77099312087129
4.55054958781971
3.79175568062255
0.680861284765863
3.50094806800305
-7.0274590724188
3.08881614490965
-1.82911133629353
12.8259255300575
-11.5537013906979
-3.45589512090614
-13.498536801493
-7.75368590489208
-9.90905658497781
-2.91645984554417
-4.42204008132057
5.0813432335363
13.4875227227486
4.47133851575994
7.0693741734756
9.80229004572477
-2.02771801222553
-8.0747619264786
19.8695367278276
5.35896065945541
11.016351613782
-1.40755354244792
3.65264416671742
0.649097948243939
-3.62041829881454
-3.32065350021599
13.0458394515952
-8.90333005060656
-0.180978132905183
-10.1244056421631
-1.47795744221109
-7.09881837651983
4.24578972457178
2.84270345508486
3.79051319470214
-8.27389295098064
1.57323793334934
-5.15578195922835
0.776788848256817
3.74268401109321
-5.8718863897033
10.2010141306574
-3.39599052352091
-4.36052892892035
-2.32748559248644
-7.14773409083268
3.04019704984144
-3.17820353687515
-0.41081919766535
15.2665234277898
-0.0753715999605928
-4.15621877122876
11.8577420940252
6.2030199143785
14.6564345529518
-14.185485725148
-10.8195795855849
7.74358554855602
-4.32674394979417
6.07920757927599
19.4287297451631
-0.904253739154272
2.8391430393487
-5.35347795369789
4.01647170833522
5.02115972761592
-13.3845248420479
16.1712431832578
4.88122448130911
-1.12555689869668
-4.28604808499817
0.807045339004245
7.36604012403816
3.48091596206764
3.75650547684415
-0.34640589896259
-8.05382023391435
-12.2716581538295
4.68528270909241
9.03944673608116
3.63551658941333
8.75117432066213
1.28920553199872
1.88070587299932
-1.96544814969983
2.14260269430289
7.55350770196788
9.12575979330058
1.27334136376115
-10.736210055287
1.0720912150562
-3.74788152863595
-1.56366439380777
0.0826322994079332
-7.09582382818083
4.230838157694
-8.08994563653976
2.27962693707247
0.498258652132119
2.96308859699875
19.7485367907159
14.5943024084744
6.51788417757185
8.80894454280316
-2.52979755492596
-1.57382834856063
-8.75068768236275
-15.0111230223225
-7.00857641925993
-4.7979256416339
11.0986447709202
-6.76352510964627
-7.26615134160514
3.22145016777316
-4.50629793634908
-1.74741093560261
12.7067974801263
-3.85883374017023
-8.63967644724751
5.49945322834827
6.1356015088004
-12.4443762541459
2.74398679820684
-1.23451533338435
8.1211514952145
-6.22303098854033
-4.81639109311696
4.15867275626992
13.0049398435558
-2.92974494211005
16.0549428981296
-3.06880125645534
1.62499196799654
-2.26505898157118
5.87549643895308
-1.58317895016822
4.61701223580726
-18.0912665233956
0.441020391300367
-2.4273170124647
2.02686024316603
-5.9755204275751
7.58091505676736
13.0763950590959
-12.7313114237795
-1.6684669922173
6.16443648424277
5.38829703401357
-2.82697632855004
5.01383108971316
10.4981710045233
-11.7707173258744
1.34798648821227
7.4925688579261
0.761813614201149
0.456960954282313
-2.41668724214378
-1.83568948645209
2.09522439088391
0.251902882738068
16.4286961143133
0.218726112879428
2.94402280709518
-5.90461475467011
2.96543354952641
-3.48232969421791
-1.63195768979203
-4.640001569174
4.21217784184433
-1.56935215766992
-4.23958894249398
4.42358580432561
-3.14263970319077
-11.49762828438
-3.31276679472935
-6.53610391246236
-0.126916830195523
-12.9556540374595
8.06366135315446
-18.7397687157477
-4.87609711051195
-11.7578348943811
-11.2332980603378
-4.98846090085787
1.21131662072815
-11.5061578796474
-1.20678528726672
-6.14620953947498
-3.02229380166524
2.11882108840888
0.410890802856477
-2.68045279449936
16.0170418934244
-0.00725312201856521
10.1795729774755
-0.541881890061195
-1.9549885345939
-4.64226979329906
-6.52413074847246
-0.755916208221183
1.90638337944616
-2.90872273312255
-6.71594958929485
-2.90183584049765
-8.46365731516834
1.77179295888785
-11.1763229574014
-0.731552353622783
2.4359346849451
0.991954207460868
2.99400869947493
2.42855084642326
1.36129183027724
-10.5498124855114
7.08011225324033
-1.67605678920005
-1.5804649685108
1.15461954585695
-1.2718377171927
0.566992319595577
-9.31435641530756
-2.7335332745335
-0.739192018891786
9.35877538309996
4.32016049803743
-0.0727910810294796
10.5936230403934
-7.96304687677948
-8.57089218126526
-6.36866006925609
-6.70571159773606
-5.08169353604641
3.93208606344147
-14.4022281954651
-4.456490850339
-10.2812234601167
-8.5228243922952
5.9241017951317
12.0513713408598
-5.17764219608093
-7.44612269545441
4.34553865405385
-2.10176102613346
-0.376641507710243
3.54669839761331
-2.72184550621796
5.83648776870046
-7.66984439429264
12.8488656177186
-6.56424796304748
7.4508982131178
-9.3205435264424
13.3694184836873
7.20723525091725
-2.12992209807152
-8.16429198631675
0.28520387934425
-5.98151949006021
2.69469243982285
-1.17464699507641
-7.86623150699635
-5.51017387010744
7.83024952904522
-2.7401647756088
2.46026499531235
3.21882860583546
0.186715221766355
1.08546796128595
-1.98502480415007
12.4650372763979
6.48673129664388
-10.0592079955555
5.65450389965353
-3.1673676852901
-11.2017313034348
-0.625842256199819
-18.5513015045834
14.2541297490485
6.22553699146286
-3.58077825912854
-4.76306846245227
-2.27037048774037
0.145272781333468
0.961232238693473
-3.6126553487128
7.60020896623049
7.27308013409832
-5.80322389419269
-10.8300224786547
-16.3589679488943
3.31351015248101
13.2986605683213
9.68662527424968
0.192811488715198
13.8692558292053
-0.936021231539415
5.11784824874722
-3.88129645782209
4.0262695857713
2.8634187042849
2.18969691107392
-8.2100993522823
-2.24320813752325
-5.6620320236317
-7.56387008658954
-5.32411832474567
8.21974031545691
4.77742442171323
6.24058841327685
7.59569322205937
-14.1988726777759
8.04699711343028
2.02504746510266
-5.18724197615305
-7.10703989918163
1.77842032954514
4.71172340084707
12.2620028027271
-9.34737903698585
-15.3783916781731
-4.86361649937381
-9.00598719387732
7.4616474457369
11.9973541631379
-1.37767294349737
-0.201181820424762
-16.2850628723482
16.4187833606826
-4.10191368503668
-2.30437425359676
-0.361458415189322
-4.18364098672164
-3.74413774392068
-2.51424222431968
5.51544145535577
3.90198203784668
-3.74356587683136
2.85294827520395
-13.4829346914398
8.93706491234352
-8.35917279667471
-1.69215989778595
-5.72136079007024
-2.2334387474223
1.11861640066132
6.21286314610101
-8.41305813151874
2.1707654436077
10.2959369056712
-5.29112979810511
-0.91018776831623
-3.4707287845813
-3.80936561986981
-7.62587260818255
1.91593438150732
-1.83503013308766
-7.0218595787087
-13.8817970749395
7.74803808458006
3.88679576788492
5.07524149022529
8.17266045882465
11.4477448731461
-4.80282711129466
-4.93693190390688
-3.13855558002305
-2.4399887345257
0.520304686853377
-7.24696679599965
4.74620215686638
2.45241849628991
-4.6293166181145
-9.29504372582962
-0.740486487921367
8.73158024005398
2.44737447920255
-1.70163350693323
-4.57200265275707
-3.25262706631366
-2.01555370423288
-0.226369545241607
1.00179416472366
3.11452126800652
-9.53099209347617
-4.88546341797738
-1.86085014228723
2.78404948511339
-15.2754007454573
3.44566172299377
3.16793489718657
6.09265217398208
-7.41919413750616
-3.79262041977391
9.38729090756172
-1.32788364915051
-2.32425189298194
7.52429511829742
-3.5578636748257
4.36421341136903
-1.55957612795053
6.95595668717733
7.15104221549097
9.43130564693761
5.19049461005407
8.17367982614793
10.2394993763049
3.25976471295243
-13.6039831837252
-2.79052662272859
-0.874491573638719
4.5612031090373
7.40281715828962
8.15746526146694
0.89153007207799
4.24910621995035
0.201638029560143
4.40073589534098
-1.68499147899959
-13.5572716920109
10.7707517252728
20.8429274805985
11.8687422025842
-0.00114310251521288
8.57887894145677
2.20581746939643
4.67644318965633
-8.25355241485851
2.22368204309206
-9.65299603357969
1.09989359655379
10.2556350379887
-7.07506488312553
5.66640597835621
15.6803425316424
18.908547789925
-10.5142694672524
-13.8090161892469
4.47038156084376
4.45512145496582
3.03582574393256
3.8165316668529
2.24680725584516
1.24751636757838
8.82666587650995
3.41189215333839
3.41901498013994
-7.15851748819189
3.95861763155821
3.98838060245206
-14.5250411746283
-2.381454083508
0.0836224291859269
-6.90640201451202
-3.7600219495816
2.54350642558926
-7.93618001727248
1.63996170261178
-0.62163908780668
-19.8420736176102
-0.262527870130588
-0.875203648096763
1.19495924691784
-4.37690080073371
-1.00662243460387
-1.6521908950118
-3.30033604940369
4.35274806620255
3.84092541359411
7.56278347060907
3.93868393296973
-3.25195069555287
3.44796738532437
4.38684815317751
5.98561367297635
5.56013342119897
3.58744006529071
4.3822199743896
2.99198722507952
6.92323081823077
9.11340440413636
6.05761899253617
0.439394017432925
0.182342294498097
5.53806311913391
-0.349793023791661
4.15892588005772
5.2468048091704
-0.349560729469767
-4.19473715728464
-17.5625163662821
10.8940436804794
0.783016938141418
1.12901293561985
2.50882007270448
-2.19489914342074
2.34861377777612
7.95371938570963
-1.72067178022659
2.82065313896651
11.8756164024914
9.36251849404612
-13.2544614121758
7.40507095133235
-1.06359222104072
-12.1759359009983
6.00367728143578
6.56461267751621
-6.42979969439062
-3.00912728242219
-3.87594247656819
-2.16376848002701
-3.58482354024
12.7460880884612
-4.62314676575263
-3.40375960618369
-1.72777273011751
-9.58690433993919
-5.52538903441624
-12.7566879676336
-4.98513952324153
3.59808398978619
6.39572683066351
0.952320657181447
9.52549924532687
-5.7852445866195
16.1478708437354
4.36283214735952
-24.717341633806
-5.31116201732702
0.438770972714718
2.19219646429459
-5.62285614435768
1.65190958319616
-3.63462074542539
6.62090226676887
-6.32178725529173
20.7041118887186
4.74955709966929
3.01221764794604
-2.19314338762472
-1.85215004321488
-8.15643732843303
-3.92590875356525
0.507226586992199
-7.29244804042423
1.75635545322197
5.53596907433915
-13.0298691742322
-2.46860261652154
3.62357787944421
2.96709116766726
-14.8603531675336
-5.21677494562572
-3.13188632843004
-3.88939044571271
-3.97299083556418
-3.87363559998589
-16.4291013755975
1.10185840523242
12.1719193295
-6.06284707904827
4.37787893633333
-13.1952149354539
5.85215430392462
-2.65999559575047
1.88579995094859
-5.60344304950961
8.33967319395525
-6.84478527339267
-3.58937062557178
0.178200100301739
2.46687640162379
3.62248732499211
-5.51565951916634
0.353342745412665
-6.5808439018668
0.993808703760829
7.05079877485403
3.8493282129456
-18.0684768235733
-11.351893700059
9.03950426095167
5.81434589935445
7.09941497422383
-0.143604680769308
-4.72132271954319
-7.67074600476043
-9.58143669548236
11.3987619103747
-2.97041469295306
9.21929440628393
-0.914144698973131
6.03086089532648
2.7563748498503
-9.83566773705927
10.4381145219711
-7.31111828004538
0.146208823596527
7.20119739869068
6.56512429861383
2.37332769259979
-5.84148390977149
15.6536554675218
1.2541150271866
5.02280396733707
12.0664934401395
3.77801954989684
4.80470058832089
-8.2458554756291
2.45901078832181
-10.1705609299791
-5.65698333432162
2.43623356408686
-0.833820327108803
-0.647587733531366
-8.76462562003274
5.03299061697554
9.76679499359138
-5.75650148770349
0.110599936858062
3.34135354461765
5.78734722481181
5.42762271945911
3.80499670816042
4.96105559425317
-4.00285433003324
7.60194846554602
-1.14018648215443
-7.50761971148984
0.0539312152620461
20.3805064165922
3.82022026123589
2.63500033384241
15.4852583295548
-1.43987330451856
9.43683197715846
-9.56410044776883
-5.28550581468776
-3.90168998221452
1.25313341007479
4.12206397839024
-3.38981927292107
-5.30266283283951
23.1858852148212
4.02232199640884
6.03812485632225
9.35020397755977
-2.67860948568633
-13.0167301301613
1.11193468575272
-1.79744647183522
20.4847824745231
0.389347874531628
3.59971033566223
12.1492426346714
2.23405039153166
2.26544455596866
-0.0769138085898291
5.30029586200578
-9.9633339671768
7.26348858258699
-14.7585417350726
-1.30928190131051
-0.589005816848196
-2.70485580666937
1.42461987657178
-5.58436126189746
0.658839442509968
3.04506258829094
2.19040844358114
-3.92140289248858
7.06826557211556
5.32940934340527
-3.76103477038021
-14.0022012685218
-1.62457620605828
4.78741190939385
8.76926851784256
-0.0456867155916996
0.479611527728255
2.28123074835901
0.581254305775623
-0.787769891323512
-0.700416718510394
3.07987255185082
-5.58637903329796
-4.04010166349267
8.10406821318083
2.03894966017148
-6.66927295832308
3.96153864486979
-10.9028777638004
-8.08888506830606
5.41690093266218
-3.76162372260329
-10.3312863430723
18.4618556510858
-12.7281117802787
9.1354288571101
7.07942243533641
10.6977163410379
1.02338549893977
-2.9601208794165
7.29876891989531
11.7029911945998
-6.71404225807999
-7.07616425677579
-2.69543044705847
1.5332212649226
-2.1415524393422
-6.04163195276357
-6.98346746210772
4.64883015547527
0.409254056375996
-2.71996079654954
4.45764731739278
11.8946761137106
-6.82177298166496
7.02138753082825
6.18362909098094
-7.87343751216727
10.0308154317265
-12.0618065956552
-7.84652023521264
4.14423431160061
-1.15852598926294
8.97531842247452
-5.53194004560994
-0.910324710421617
2.35932392088697
7.6372704324668
2.05471883862738
-1.43405035622482
-6.48197218923957
-12.1159036951804
2.5315242012803
3.6704758774799
-2.76005279621997
-4.33632336033302
-1.88429874484765
-3.84509483599487
-5.94210386201728
-2.27409884259926
-4.21867558090278
-2.44641103798834
3.58393691450626
13.3664037367947
5.8478772198401
-6.28121282536709
2.06824074312216
3.45173444864209
-7.8478132574328
5.09024249699934
-0.265615642392642
7.40781819432915
5.77336739642346
-1.57507843970865
4.63263019399463
5.73088359097439
-1.86462203566874
-8.31989880336651
3.78577446185207
-1.16690112750662
-12.2579771831495
-7.33680095674851
0.949784106569177
-6.21683142733473
1.26802547115883
-7.79411337223555
-0.634494404052793
-6.90979128918977
-1.76989921966726
-4.58601279538546
-6.47359984963702
0.535569953514444
0.657708626735896
13.2628616740013
12.898992872
5.1480241289968
-1.65952047769929
-0.794626247737558
3.49084990415947
9.24609313021167
-6.00528530777693
-8.10709651032719
-10.0208281736383
-2.76338734175612
-16.5850491562141
0.422566950909033
8.01450390435238
-9.92442409430115
-0.393659688785969
-1.07574475917845
2.836395484473
-0.873490548820398
2.20491844582885
6.71760772078535
-22.5635990463784
11.1418642771361
-5.13005581921979
-1.4533861803929
7.50097192229406
-2.73410075522345
9.25270493011267
-15.1685564377195
13.4740153706354
-8.64312813091019
-11.0768379805787
6.000289225192
5.59174216045373
-8.67499135246204
3.87952535439465
-8.78874658118643
7.42355146467315
-1.36033331705611
-6.25021548442606
9.00309134776557
-3.15911339216917
5.83539867763227
-3.53421864026598
-5.34508278539095
8.50962126066633
-8.18963802177009
8.25730697221872
-8.03053330939342
2.51473768302398
5.27628305988346
5.96254952231029
-1.20347442596991
1.05274434099858
4.90809183254704
1.26511835598304
0.560582997052517
-0.626124618209247
4.36312583479146
12.2343096243255
2.40963920116412
-1.51404554488235
-14.0721560858022
-14.2871845544441
-4.55063014063326
-7.11375976540069
-1.66315283269296
-7.53755820535183
2.95255432489834
-0.808182792912179
3.20234220007034
-8.30205111497436
2.54238426919738
2.66138213778615
12.9502601914868
2.98902345909007
-3.9901023446704
17.9175234615239
-4.20444881227649
9.01667429754117
-4.42487799962706
-1.7672282982492
3.56437226310948
-2.22106673337675
-4.76943203226439
5.27494655501342
-4.51740689676084
6.096019602989
19.9295682599515
14.0061976064315
8.9723910729314
-1.57283052430934
-1.62570514872344
8.68744717512265
-0.257584580790698
5.24604755951375
-9.07362639600449
5.60256552024942
12.9635668507956
1.16059285908144
-4.87056260058444
-8.32946784475569
13.3923724537543
-0.506755230210035
-1.12372420750622
10.1188047860588
2.94790021300064
1.20691009748808
10.9638806251573
-3.05389213595883
-2.10375007518824
15.7629288990439
8.04891586432189
1.84910552134067
10.7968335126909
-10.2876045353356
8.92606791174555
2.64118244504398
-5.30054547045685
1.10771060459865
4.49290808002939
7.42853485412687
-5.88728465983806
-8.36326436459698
1.11708772258755
-3.47630978189419
-1.69199357692216
-1.51331073385063
-0.651745825184735
-4.6422836247104
4.05312692255267
4.7112473513719
9.97897405444159
2.50952652172888
-1.78067800286286
-1.14442356075664
11.3383395836071
14.389713897084
-4.72229627275019
3.89106637557661
0.0402180244706094
1.17788688811185
-1.38608584827812
4.95616201268965
-4.26126413143712
8.16930071511518
1.83253160365244
19.7827181043876
3.6464769622053
-13.0748773350704
-6.17418760022684
-6.66745156577743
-7.20085648657125
-10.984742034257
-6.06396896093654
-10.2062047113537
1.55504390826507
-8.8523644963798
5.10257731239078
2.39290623919632
-3.04186075968531
0.0479940389974884
8.88578074263618
-1.54681715956024
1.57756955585111
5.4605590346059
13.3275187540602
11.8714624522942
5.51148323324863
11.1776632175362
17.1327116168338
9.5847792006951
9.75784512163174
0.309792464875738
4.20864157502953
7.16855221234259
8.43439900093677
6.89040492828314
4.78566964408398
9.29217801015454
-1.90246904472488
2.72349477451286
5.466659510423
-3.5158457483047
2.27033448489451
-4.04617658809794
-10.0137859389449
-12.2419829187479
-8.49530668605933
0.943770047427793
-2.7515627056203
-6.35564063735533
-1.56778232058146
10.4296512737488
2.62863672153699
-3.38907722933696
3.13021760341098
-10.9872147198403
-0.482797111709882
2.06904804287337
-0.433821842078367
7.34357310039398
-6.18273019369977
-7.781702946868
8.11267618738152
-9.7701068590763
13.8989791901482
-9.55435818213406
-10.9163639573344
-0.817417537937305
-7.0243835468739
4.84265626940409
3.38098630780157
6.22575729969678
-11.5138391959916
-7.97731480548806
-6.08056718352589
-3.14016096821785
6.85257263202559
8.54337413469465
-7.44805800145657
12.3717108859095
11.8606480559268
10.3349189472861
-0.630881235665546
1.42885403750512
-1.38739777342177
7.18116116868504
9.58948426852101
6.78951628844025
-0.54890297543122
0.955617856118824
-12.0857877383136
-4.68563320947775
-5.59098662258712
-0.857829170729021
-4.90903890704105
5.77156388932592
5.68348826529767
-10.2290795380906
4.87740434816847
6.87111071070057
2.5364478385436
-8.09156530932395
-8.3115942417434
-2.9660301034228
7.6423461249151
10.0149267902148
-4.19941978553701
5.07289728435643
-0.878187342038513
5.24753529700403
-1.99416936504549
3.30159359592009
5.63020508525816
6.11564692783176
5.895038705177
3.79009593174441
-9.47985151851043
10.9027488499
6.13660538244203
0.944200365084909
-8.89340088217381
-9.25292349522281
-7.08498719603296
-0.681685928110265
-1.51051814806208
3.17265127188898
-5.00435424379371
5.42356347136385
7.88981848525109
-10.9641039523401
-6.86012910089408
-15.36496162238
12.0027632756827
-0.68581175604873
-9.68439162307982
-6.13414350557889
9.95600479786956
10.2909568077278
-3.50550675406388
1.67226873238982
-5.27063271969831
7.00728368551742
0.581324923371979
-6.07792089974199
10.2556994058533
7.25427617094969
-7.33203140148482
4.89373272118016
-7.39567296221545
1.69211033856626
9.48145103757409
-0.185196424026076
-7.21187960826644
11.1334767389324
-1.30853992459248
-5.55732135348884
11.3854462583068
-1.14492121368526
-0.519145240894251
-0.206004177661709
9.01158252863813
0.778908126904067
15.9281850602527
-8.18059147996487
2.34194210538626
-13.920129061282
-1.17253472301828
-2.82632733745331
-8.60244776588245
8.22273725970075
3.20270201042541
-8.57386081121532
1.06792488247422
-3.94363062343795
16.1301854152402
-4.51737145126514
-12.5390103857254
3.56991916797256
3.48841507189505
-2.19820036808314
-2.68310440902977
8.82913436094259
11.7077004314213
12.9372484226115
-12.77420065271
6.05781915399262
-10.6638286656461
-3.63808448251611
3.54415881719145
7.80302787753965
-1.37410541913859
-3.54451778220888
-6.04870766802137
6.08071521695225
3.05790445432242
-6.76505219419799
-4.08384411245082
0.956247930574731
-8.40208811597559
-7.08439931661867
2.40395858265924
12.1801900987254
9.26801527449769
3.93151488411644
-9.93571227440201
-11.3136136921958
-3.70439054134434
-4.52321020317119
2.9813931087459
4.49740087392436
-6.26043975167891
-1.08991753964039
-1.59331798395949
1.72555235243215
-8.36032081510858
7.73342744513339
3.6506744477977
2.08140772372594
-3.25749882231101
5.79711680916918
-12.3260025318616
9.5300689943209
0.720476519925085
6.48614170634527
-0.779119053818675
-0.728930772217549
-3.35853070638525
-1.11352005867498
-2.86786955325745
-1.07633270953707
-4.77960200870083
-13.5202529039509
3.85693108937346
10.7931236714824
10.1897355210485
-0.0664576967381578
-12.5764503762931
-0.587452818814549
-9.22360129269217
5.34883608360233
2.75891571063932
8.8017639058243
-4.81330353341353
2.88897562389236
9.84154002216085
3.78612924995277
-0.308127964970438
-3.79944286690635
-0.500104338185987
4.29531648818377
-1.07512563389768
1.17765183841464
-5.11833040417287
-10.6635574299067
-1.77004289899402
-5.01677565015789
-1.89051660699219
-1.44163120361534
0.157061621023503
18.4234101142211
-8.61885203342039
3.94431035560555
1.04225836394318
0.234023858235913
-2.65876787351745
-7.25604017660988
2.64304577958046
-10.2108511531533
11.4747606315232
-6.37400827339785
3.41684773923225
0.992850767536767
1.58271134717072
0.920075450282519
-13.9273540253825
4.42994197173546
3.13441041790167
1.8476625343278
0.754218253332247
-4.48102233409845
-10.9689382449475
-4.76083879301189
-1.51563242134453
7.31814393682276
-4.58192306364952
5.4064488045129
11.6208858421698
-1.58828362538578
-3.40226957654958
5.21619849289773
4.62626478024355
-1.35301302375672
-2.50293002944863
-5.92943045545995
-5.40860525411665
0.922527070891024
13.7662126282245
10.2416814015853
8.6742084222432
-1.40198848450287
-1.74436743209379
5.51579105610134
-0.304254824725172
-6.82851450481558
-2.17728919920762
3.67363850149062
2.4207245355505
-9.87086714279058
0.363850761989607
-3.60442062328417
6.22544366426117
8.78212550999472
5.46569161833382
0.842843241281927
-4.85986356524861
1.18209095633023
-1.80418790818323
-5.18850595568905
