-3.37207148818308
11.2369850808539
12.6514869228577
5.70245628306043
-3.63385960966187
-8.75299089846251
3.89393134620528
19.8624397109823
6.97281240521822
10.1752595178581
1.86381028472745
6.81913342597431
1.72876427164137
9.29762758085653
-3.0023146603078
-8.4572414126196
-6.047988579366
1.54819011451348
-1.92592634805997
0.497463019022058
7.4211502378355
-11.1066215559273
13.7313826823058
-0.541008127719238
1.10611626992682
1.90518111162203
-5.48395646703159
-1.62874848223394
-3.59072884724123
6.01960626968775
3.00863491289697
7.73084425724563
4.10056303657812
-1.05773873121801
7.75087073592055
-5.18798314977928
1.74503973962363
8.28627185820151
-7.26721277421364
-14.3182246975944
-3.42236157231438
3.63805338353976
-1.92177811169565
2.80422831952499
17.3609302769467
-7.20133362650999
0.938074603258185
0.10874102959336
-1.65560328187169
-0.11684698846667
-7.57396136211644
19.1010551626988
9.27724171254085
10.8967851976349
-17.8786266270008
-3.34463554569381
-10.5888812645507
-20.4075024882847
1.2841654549651
-5.76956834427788
4.74534620772057
-0.75282204784152
-8.70168478845735
8.37634763055376
0.381455618387428
9.29187960735265
0.0229382077316045
0.537860818169631
7.14762678402626
12.5504142559289
4.53734058292285
6.165989799794
4.70942910917849
-10.7135708015598
-5.11374534623588
3.12982564513063
-2.93980794653532
3.93868569262196
-2.13714752000922
12.3769790415236
15.9971341698526
8.40872578214581
11.1664512608075
-1.90742328209189
-9.63951654384726
5.47506362509033
3.7167914778228
7.84266384207356
-0.674842991114547
-10.9359035024033
-3.68970208052813
7.54211827173915
18.2214153751674
13.3593641045229
0.540608182696296
-2.22569658884182
7.03543424926269
-3.60034079619337
0.175075927448314
13.8471107296696
-0.910925285403923
6.66212492115656
-16.2617801160341
7.39376126665139
0.543666257845555
2.74406638041768
1.19490868027564
-2.44006595608108
8.85903583112478
0.963394075689105
1.27031998148393
-5.40804299347982
-2.86398294266395
-5.79196913677734
5.65427752775848
7.3913393113157
11.094317681744
-2.21255734010672
4.34152958269616
-6.87196213436957
-10.9937705764235
6.80910548775642
5.57638998661944
6.53979142525769
-14.3970605745504
12.6395005253793
2.30290462841061
-3.90456042657691
-19.5098074030313
7.57056156217383
-11.221468029482
4.43463567525537
5.50773130769879
-3.27949127900893
18.9747970889015
4.56330505744983
3.62444866621292
-14.9115612478707
-2.80199517511242
-7.3460256284014
13.8553395073121
-13.2484431850406
16.0934149669591
5.67909597530489
9.33093380993997
-7.12329916433194
-4.59200065401535
3.35048522538392
-6.64221673228449
-2.85341615824205
22.0187839541598
-5.8254770322052
7.93302227752577
-3.85663695181307
6.75383081193096
4.31048446884431
8.81145187019524
0.650490703091719
-2.86730518806593
-16.9213065696437
1.41134585710235
-20.7055762686885
5.33844582331565
-14.7603295770789
5.57742030051314
-13.4800278276394
5.32262127077928
-6.26137707462258
12.4777831095574
-3.51250378158222
5.29648970326248
-7.5480108011933
-10.6178306397903
0.907548624181967
5.09140955088849
0.337481610647988
-2.40622896228792
0.808767722520036
13.4643869106852
-9.59313251467561
-17.8200215548023
4.6737646562366
-1.31924114225859
-4.67740941410302
-3.85556154819399
-5.10959579614558
-19.9947734772522
-12.9631423283564
-4.78454985072613
-0.72855588827345
-8.18724758542239
8.91834341623885
-1.02053477218799
4.80237618266459
-1.35776776960878
-0.18427747451856
3.17337894071174
2.13350105138733
11.1608685968593
-2.05902259505727
3.883415569611
-1.73386058895915
-4.61360948700664
5.25537377389154
-0.703880419232432
-8.02559391746656
-2.65697205797857
-0.41205005192304
2.69433201211958
-1.92158455485239
-9.85800742351143
17.1994380180828
-1.15999622981606
-3.41664743446935
-0.873426499913081
1.0700472298491
6.75279937124872
-6.27880105036897
-7.47010584019036
-4.56913981086802
-7.85079700234642
-0.837132601670103
-8.92058739789189
-2.79588855426504
-3.73837428421025
-21.2886373719959
-17.3024444331674
9.01635234792758
-3.1476644217832
24.3688238463514
6.0235912673356
16.9808383548254
8.87589893488899
-3.71923131131952
-1.09582392250219
1.02133465048254
5.15933241692646
2.06613139630536
1.46542802047879
-1.57312742236692
-1.88730602486931
2.90479241486577
-12.0413448079747
-5.57499522144448
-1.87635194487131
13.4520885007206
0.531522305856668
12.3928809253018
3.86138002121044
15.4726619166174
-2.19405176529369
0.0664843468202432
-2.79479211542287
-0.82103408009725
-0.016201277276375
-5.63825039583135
-1.10585288244831
-1.21883449250404
10.793838666289
-0.478541552078113
11.3300495720637
-0.237195025543111
5.93726139535496
6.8597243550333
9.66091414770448
8.41493734596417
-1.03765338823934
10.6483220239987
7.37744491615797
15.1876584369144
12.9136698978488
0.692004430406768
13.7092484870985
3.9170991718706
7.55160386996945
-8.1865411548994
-2.5512335576028
2.3709171305393
-4.10755138468809
6.46879659774362
2.99394599844547
5.66921221768375
-1.84255011231267
0.448351966303628
-0.895540150691291
-4.28438434951733
6.20185465505516
-0.0737298172378607
-8.13284135501216
10.9308774266237
11.4625227056083
12.6732503165548
-0.697641212612341
-15.6453626130488
-3.73863573955396
5.50140805723409
11.876941549158
0.22651537833386
1.98806786997534
-13.0696722264287
0.0265339513556788
15.0136302849641
18.8198623324049
3.47422631653707
1.98740380657647
9.94820367120886
-1.87719354656865
11.9848313751923
3.19119961567859
-5.09622335368682
4.23898390317384
-0.313218707643482
12.9248920534536
0.473315726790995
-3.5574033332232
1.89068578215625
-6.42083797068644
11.1867156177051
1.56026443473403
-5.71889223637761
4.81041016487446
0.133851391878687
-5.00591068555972
-7.22034889150598
-1.04712237054129
8.94666509016701
-3.63717645863715
0.117058817955269
14.3751004249641
-2.38026392739674
3.08998446849312
2.49484709039822
-6.27531434668027
-3.22904584482766
11.3049404780699
-8.86395494721035
8.69626297112812
-4.71357773273077
4.36179097908899
-1.50662671528869
-6.59928339987498
12.4095195296678
1.60499449710917
7.02284377047966
2.51671616408179
1.12682417005499
-6.74270735597118
-2.62608709567753
1.38272798596849
-10.1742957689751
-0.0920711279484291
-2.86077386734112
5.16868810161821
2.07900249749654
14.548845478191
-2.51426627730532
5.07782290462015
-5.36256982539942
13.2933381172049
-4.87051616625764
-4.70870892293372
-7.67188230697797
4.88935661671125
-4.33239513673876
0.55043250831782
-5.29733002338905
-5.6061019497618
9.41526188364606
-5.2934852845272
0.0825351824098385
-8.55927388371331
-0.619518426376607
-2.81921601542133
-5.60919009997501
8.44761770925984
7.4684774247868
5.04572376412469
6.56105364327759
4.85744020013513
-0.169278722078017
-6.2527976967172
-2.37992892627135
4.92637735750965
4.98430783711701
4.44744844948695
4.03080078850064
-7.73236986221583
-12.4888047374516
-5.280410868094
2.21582585579881
-0.379418285186166
-9.11503043040794
1.94375246885772
-2.62893599392078
-1.77430368436644
-12.0030078200113
8.1271277205631
-10.1883271093854
6.24366347453107
6.48229746918877
-7.4541217078246
-6.90474976707491
3.46224859009898
0.317895643387182
-20.6273663943742
6.41473148021994
4.28485164186287
0.496763075077835
6.85531279531602
-15.3296671012688
5.51966241104759
-2.21684317911037
-1.59589118395621
3.48007633906915
-12.7766366222045
-7.67138731349667
0.736539280767481
3.543298192456
2.73791639842784
-0.151035867433442
-11.1328846720994
-0.0513473492674257
9.99022236700606
13.2794545876641
-3.60362269879458
1.47367777655965
5.27868408092158
16.2977074701154
-9.48601672470945
-0.377815749707611
1.07603586935112
-5.3976845825181
-11.4284414974032
10.8585644131627
-0.818380148605588
-4.85883551309564
-9.52047847552011
-0.0115167674166559
9.42688197606367
12.9605011080838
-6.20611111349166
10.8172461406962
-3.05298639055582
9.34271500935763
4.83680107557345
5.21350070489723
8.19726833402508
-1.8533940159281
2.05973150936369
-4.47434050470873
-3.08995114235091
2.69014289275282
3.16288552843523
-8.36651936739832
-9.08750291119451
7.93055213120176
-4.82531209422138
-4.79824554252233
-3.89123862398024
-15.8143443046084
-6.9985512784221
-2.38486504859799
5.6253544739104
-8.31400015772346
-1.61281793078493
5.51490306164827
-2.48491371680359
-0.021591105771678
-5.37920841573848
6.90858283078628
-7.43424859287571
0.114941724734978
-1.92592133302263
0.313138593779287
1.76398638384586
2.66407971368991
-2.27958655550468
-2.50395390960672
4.01223725153124
-4.79072657405473
7.91203430684679
-3.87176292531735
1.03989935068102
-6.84087508814159
-1.3992242680144
-1.88695864930033
-2.26089219110587
11.3323297775109
9.26803055000976
-4.7601203711049
-1.2192006571378
-5.49083661008822
5.55058203261596
1.20270837978854
14.2585907734216
-2.6930545122613
-0.600128135587846
16.4538289713564
-6.3568374327159
10.9892560170657
0.680496442911471
9.03015005678364
-6.73319460733224
-6.58828323274042
-1.78590334167586
-0.567657243316806
-5.26997052402822
-15.1778562081068
-3.67406344733617
3.634061967404
2.69202033636199
-5.04225040383152
8.67219492051671
10.4878098314114
3.59857126088595
0.836937542919873
-0.0172154021941626
-0.0853048510728318
-3.16637907162657
-10.1912037673563
1.64324968934736
-1.71443779699234
-4.09040588926722
-1.8734263987799
-1.39109234640389
5.78435906783645
2.21628533090231
9.77931667670796
8.30723206836599
1.59099972888502
10.3629671154315
-1.86748357100363
6.36250453795508
-4.27011761776739
-9.29336193696284
-1.74791699249605
-5.18878589003364
8.79155017912789
1.67929899627541
0.855942966742513
2.84975144975009
8.55207657157438
7.03898303552524
-8.84458602633997
-2.21210941985973
-4.31307147171393
2.54269434654059
13.9009491534836
5.50509622775107
11.3198701918989
4.84296433834665
-9.2313780038207
-0.491155894154029
13.5794196524869
-7.59661969422911
6.84067067524404
-9.19387255292463
3.17641834532362
-3.49637428807122
1.25155839095783
5.47366305238967
-3.00341065446902
2.32586381906066
17.5637503202317
5.34992671038925
-7.00293180550482
-9.35759827786913
-1.73576112654292
-0.491697085476051
7.20918726813474
-3.06432197020393
9.81498949481365
-1.87625922812957
2.09943523671699
2.14408234170648
6.34446948723238
2.27296756973985
3.3569237685912
-4.42294792827287
5.52774053821208
7.97873818984797
1.63604472528755
-8.66397235929247
3.37987820458303
4.35553041491468
0.813729875882772
-18.3033437015598
9.07489851140583
-4.64918821961331
7.13234755762323
-3.77511360174355
-14.7433923360341
-6.96993983319983
3.79024580881185
-9.1336934041098
14.82230259929
5.40155423968695
9.7285780704512
9.57573334610169
-3.65292868901965
6.71097382531541
-15.5054168788823
-14.2022551811766
-7.12697779381014
-14.6468136141499
-10.0565625928639
-3.51054068047168
6.63047966324288
5.68223072230097
-11.8373991569987
5.11129943698406
18.1165861362738
7.2338502604621
-3.21148662115508
6.42888574067938
-2.98800226022154
-13.2935527056179
-5.35165454665171
16.543018898366
0.17960971986788
-9.0163942224573
-5.48989153402916
-17.1793973033185
5.25054346700066
-6.64435552196239
3.09097227302925
7.53925599753956
-0.907475452369079
9.4739418426612
0.414789639033237
8.90334623889328
11.7065513167952
9.16121348725844
-12.1690136542583
1.48728551617541
-1.67421850202178
-4.17685022080081
-4.23148198594171
5.60345771127588
-0.1002065543958
-5.95084593609069
-6.64229647448131
-5.52328093806112
1.17069348310683
-1.21501063753902
0.972134885022873
10.1758591822164
5.98766931703545
1.82960112785238
-1.87769297894821
-0.118799178649769
3.33624662726004
-8.90279628344717
-5.53790990086427
-12.6887065371035
-1.33289553147493
5.78339843561088
-16.0805732910589
-5.41552351617593
-4.7187540912495
4.37950709378743
7.22118646700529
-4.3349778975687
5.35546915749111
-2.08431671612182
18.1234052651108
-7.77322454749434
-18.6732122217668
-3.22280526108208
12.1979652327516
-10.3798425108608
-1.94670855755086
-0.50954480821473
2.98781267263152
-13.2588094838242
11.2159708517715
-1.20519522873904
-1.27870434367584
3.30922372708481
7.72715179207217
4.30588093167836
-12.7036617588603
-1.3149122921784
21.8865905233137
3.98169115769072
5.7672001486818
0.714972247389433
9.81124307940232
-2.96113735690738
-2.01789373415742
3.55684793384724
-12.9126397781861
-9.02252410686508
2.30014745771656
-0.907670315143745
10.3713944579242
7.52835195984704
-14.8538571652702
12.4936053528422
1.86929075273186
-15.9646947498803
7.44367499595858
6.69865132757785
-0.885579530553522
1.81286688661375
7.12884661413533
11.9795981673538
0.803558853363352
3.67921281114381
-7.00477535059848
6.14239596956471
-11.6155168412775
-4.09597794413898
13.9896324949434
16.166248207596
-1.76664629264543
4.53134292307226
-0.301858307994922
16.7834724933207
17.2139547452229
-11.00713267275
-13.8245496845308
8.42734890615391
5.10843860546873
-4.91265754521091
5.65622129627581
3.9237775365219
-7.06969277868136
10.7637009450753
-1.43328594935865
1.05809142544944
-16.1065508685995
-10.0351823940294
1.91472159370007
-10.6951185594535
-4.57320874385424
9.05143997658379
0.909069431921026
-10.4874031594626
11.1218089544765
-12.850926590503
12.5576064327762
11.787492452949
12.3664144808172
9.58005849275673
3.18392421390284
-4.21306503815017
-10.2951829153195
-3.84306888143608
2.17794893795887
-5.96081743744803
-2.76951872388888
13.325034463204
-4.25035164260501
-0.348482073492659
-6.97493889605755
7.22408285161126
-2.14011221008324
3.98389926112636
-3.12909666881857
-3.03062834706268
-0.270321718625166
14.0833197005326
-0.855893619485653
2.00813972210153
-7.35881622791827
2.10232205431878
-0.215701413949276
-5.74490436045345
-3.42851701761065
-8.57433348856365
8.20863808946974
-10.6565780214378
7.01064109298557
-0.19570300965089
3.31019638805682
