0.35246182645126
0.366012428748931
6.7512288012255
2.76841026154945
0.987263894940685
-1.4883472382611
-2.81861305282094
4.35907268972995
2.13158557396651
2.55997003596878
1.74237129963892
1.17755973463933
2.46373399473215
2.08763536552908
-2.22131446034341
0.363437788419085
-4.47739385981057
0.972487555382102
-3.09144867014954
0.921774610387488
1.63829760549036
-4.41929659385629
2.96677827326871
-1.6261858882781
1.51641450074139
3.36106352446587
0.224195103183239
-1.57149799332893
-4.00017632430247
1.18632895875947
-1.66604315548124
1.73348068430863
-0.115437895702185
-0.646065929018689
2.42056137819109
-3.43344630599707
0.598246607292962
2.8238081482275
1.23614008475407
-5.17493365785765
-0.710864751377027
-1.50612747698572
2.1643874412396
3.77396349009032
8.25113768518082
-3.16674613694559
-0.93986411282478
0.469223684456282
0.0329942300160171
2.82770446898721
-0.160361137785634
2.70439251510389
4.08115002510665
-0.0924926396329934
-5.25730653101448
-0.179277852733143
-6.26904460363402
-2.39642483182927
0.978042251545096
-3.59911062267451
3.16277653179044
-0.699402091342754
-2.93368945765195
2.77922357897694
0.0501846305757016
3.1536222287559
1.35699891316722
-0.324708189463227
4.19783821257041
6.74229078640098
-2.80070518003314
3.39511366965423
1.60986620339868
-2.71066657065529
-2.22746606166553
4.61854442183682
0.991179814039635
2.6301024941998
-1.15709820195269
4.37535176316192
8.30384335457042
4.60697369728079
2.18714620992932
-1.63276774081938
-2.86154081409908
2.37252303631097
0.755740913152375
6.97545141698606
-2.80343027408854
-2.26441866834523
-2.54317005215144
2.87652877613949
7.78099832687677
3.48271030882431
1.34637601305743
0.550777249671722
1.09134644930568
-1.84407103976671
1.38829331741146
3.42003022220648
-1.78342259521218
-1.14174455536001
-4.1798994863339
6.06197151829053
-2.05985173970365
2.43680346333639
3.15417689724181
-0.387081170425279
0.733311561421657
1.51118932143021
-0.0360542856510772
0.376282654016715
1.79503921709113
0.729206726571702
1.59937526888485
2.79380755902545
2.90463879196858
-0.365119958959921
2.63613085971243
-0.552476714273179
-3.70973985866282
0.727659967083715
2.21925227416501
3.69043868467524
-2.65862220720406
3.21010878016513
2.65999749488349
2.01079290612616
-4.49547898508362
5.1670246852436
-5.46633927725064
0.577312262143027
1.7575340205928
-1.08714903296674
2.477751104049
1.39124774023171
0.0519423582246514
-4.59342346787113
0.781912862154634
-2.36757003309116
7.56160394079684
-1.95475456352909
5.18844639673769
1.25899906929967
2.89694387071718
-3.49170258352628
-0.951928903678023
1.29394029743311
-0.749848504238696
0.379793863963652
5.34867371942696
-2.44968905449409
1.46914908720386
-2.82882685317835
0.237239888201457
1.30256055140595
-0.83519016605862
1.314270794425
-1.64571508606104
-2.7379818545036
-0.108404874412694
-5.79423100948701
-0.305889047779299
-0.852432501004441
2.62487823442391
-4.1714922051201
2.27062633363517
-0.236820951080261
6.28479501618684
-0.973480473147037
0.776164715582493
0.947170518069657
-3.61128003787889
0.68066719013168
1.27171741369064
2.24314457237179
2.18599660585157
-0.574076389112947
3.74775057024827
-0.899674835032037
-7.56316038309187
0.312094154936972
1.4819535117446
-0.563936198193119
-0.0461142784979991
-0.384753488562789
-3.320383861121
-2.0632436540934
-2.07377455386042
-0.611992906904411
-0.781683431019337
-2.15962908354057
-3.77134182612249
0.669665810100648
-0.816624869172369
1.43093447659965
3.20446179687943
2.64396719547582
4.58150933245524
-2.60022541231481
1.18668908270582
0.90111556413544
-1.2515461202655
1.44185453395349
-1.44027610768428
0.0867453980632782
-3.45981946369552
-0.336498489758438
2.56897795720805
-0.906081048710141
-3.6918038107982
5.28079402086263
0.968607395451156
0.45138923904957
-0.184236957576739
-2.72867743376018
4.14002192477913
-0.348916804140225
1.09157473186875
-3.24204738200705
-3.09885336836304
-0.77616640267878
-1.34644303494295
-1.36185861085865
0.150376849676564
-7.56798220003705
-7.43893467024058
0.684275672385322
-0.51178869218734
7.15300837095363
3.61013392737815
4.38418130642793
5.27401217114066
0.196246791515389
-0.927597602782656
-2.33223635131855
-0.750724242722556
1.65939848693697
1.65378840658974
-0.123210687460345
1.6017162513544
1.58441898792829
-1.9998247354041
-3.05738674381201
-2.8326813820525
5.1382458556419
-1.13018611609398
2.67958801169073
1.44491763160905
6.88933642535371
0.153284418336341
-0.392607210007304
-2.33489697669801
-1.001531868686
-1.09715014214397
-4.42018117942213
1.06964492206167
-2.52962823098031
2.57291774519583
2.51798799404075
4.06021499167492
-0.60279384630385
0.564889353414437
1.85889897279964
3.6336301966396
1.47012454748855
-1.63065180742649
4.56852766245128
2.19968281482281
4.83623346937034
2.23622695913567
1.54107873822715
2.94389283392808
1.86190237884509
2.76012664222861
0.335742806557489
1.58700076512255
1.10432146897885
0.106079825792004
1.91585152740165
1.29731352873092
2.37754664297343
2.68557097843178
-0.122184096631647
0.707812085743594
-2.77734345108348
2.62001876739393
-0.197843415147596
-0.802276022827955
3.36137359315587
3.82549148166634
5.75237825836518
3.03207479237573
-2.47942766402199
0.517771047236899
2.22996617089705
2.66392709070068
2.06839701301064
2.11377349159899
-3.56166311075284
1.18693781548343
1.74353986945898
3.74552759011649
-3.05835019679192
-1.11245156749736
3.40761001533492
-2.84626996039787
2.63326533604477
0.219635585569635
0.116348818033634
2.61046170101608
1.37733845358383
0.598809570204724
1.73110641804579
-1.12772101329583
2.62697799223735
0.704749469174184
0.619508325058492
1.76570536672405
-2.93110811314536
0.886108897251212
0.934933746438555
-1.16109013706265
-2.74648497519992
0.435388130835884
2.29556193359183
-2.10869477004768
-0.215849192681326
1.22868726772915
-1.21821517291321
-0.714657183336474
0.297316763315315
2.47184956100547
2.3007933433886
3.00352914871356
-0.72714022105658
1.4147938147933
0.187657804578914
3.03029441937903
-0.454523619043427
0.378757921163311
2.70607011806324
1.28110640827901
2.4695560644361
0.0964770555635726
2.12734929084565
0.452778342276513
0.998467441269913
1.46304710092752
-0.541305622513514
4.30948675919599
0.912252923581611
-0.648607545334429
0.785596696663003
0.654355270020392
0.788294273424702
3.09893679703189
-1.73318302960375
1.744419942576
-2.1370118121556
-2.40781134874958
-2.2100032971928
4.68445204119576
-1.37618238782108
-1.44219614231569
-0.333460713174766
2.18566995976051
2.62906088081847
2.07238531555438
-0.633545234800884
-5.8153931142347
-0.756146861307452
-2.73457605228825
-3.19311667547175
4.43218808242415
6.87727871626497
-0.31954186331395
1.90571329876074
2.75482781245993
-1.48332343206986
1.30546769101154
1.69273810147559
1.95935683113444
0.121164807395258
2.28130684664529
2.01173284666205
-2.98007121452099
0.778763692159898
-1.4565444975172
-0.333073710450724
-3.20118410648646
-2.08927534591608
0.752888137592622
1.43576446277397
-3.82638129805994
-5.78890837574254
0.233278641977311
-4.85227476257273
-0.304328871726956
3.30997842700469
-3.25508102350929
-4.107986891486
-0.61844212429315
-4.68764616308137
-2.47169022528114
0.91245249785883
0.945487417448793
0.702128324428693
0.324554012287514
-3.80930816091658
1.36423933746419
-0.0405797702274404
-2.31192454276682
-0.462460390275789
-2.69765727220081
-3.04551540818383
2.24897769113605
2.51340371151923
0.583413100728144
0.722547586183932
-3.42211542499569
-1.48895994951444
2.02670651582476
5.50942017743682
-1.59748335810855
4.32660402749878
-0.283988913162016
0.79547251651736
-3.02250187860273
-1.73206520655773
1.13270910661593
-0.649421821794618
-2.19269441849187
3.50290309545855
-0.330017611749119
-0.690560445460476
-0.457578162100689
0.943711238135197
4.79192849508361
7.11421296323172
0.912989340325456
4.55724555318293
-2.72777701540134
2.78245148628207
-1.98317624393459
-3.38071941058599
2.86492483570732
-1.35517096126889
-0.158760297854133
-0.104433085228445
1.8623960756829
1.56506825753776
2.78447515002194
-0.757319735339804
-2.47539273703744
2.97692787301229
-2.76397949690958
-2.88451936342432
-0.351855527444561
-6.90901687524836
-4.96912569826724
-1.99998963004132
4.89317712084955
-2.21928058050404
-0.354370178080958
-2.58012696082732
-1.35460335493845
1.57671103142019
-2.27696568992312
0.426795414406783
0.631091822842982
-3.14662338898069
-3.38591822044744
-0.820756304296762
-0.0956755340197353
2.84326678597053
-0.811852442540327
-2.48448816080165
2.96128914650991
-2.75113918330372
1.9056335565742
1.47810930928779
1.36342273736075
-3.31734432020076
0.0337396612147141
-1.00645051138677
-1.98546307049541
2.17752947887577
2.20989736741318
-0.535740326743255
-2.29449733262082
-2.54045039550517
1.66646165215345
-1.76521896331066
2.50524662802549
-0.323691192971004
-1.36539371099985
3.36385491782083
0.975172814297008
1.48280941526737
1.63689782385936
0.782575605729267
-1.76000889436739
0.339932358877363
-1.31974646383789
0.497401164982032
-2.27866934772261
-5.60857197947455
-3.00441348770511
0.77806850995279
2.15725319525755
1.15794433266868
3.17004965584256
0.417883570243729
-0.0704097385307039
3.60622760419284
-0.691199775580729
-1.21725471456256
0.0197051486087128
-3.73002772076888
1.70155681493808
-0.153810238179421
-1.01731418155462
0.340904565357097
-0.350181121677377
0.851213903920754
1.37181426727306
6.44506634087544
2.40210766809672
3.30752945516722
5.9372068950823
0.618127468996078
0.972265982485013
-3.18509920255311
-5.99721029531724
3.43266230709968
-2.84924064891204
3.72721458841986
0.673878010691419
-0.0808017516107927
0.908173310918342
2.3953047269945
3.21930027686798
-5.44088178232631
0.0744414535441855
-2.5073271432115
-0.662772869806678
5.27877972369578
0.133420165789141
1.32769728089947
0.802099760014748
-5.11025496801124
3.31848547365847
2.89396791353875
-1.46928498080959
1.0960064279789
-3.15665873831956
-2.19775779627501
-1.6517590710121
1.2102181055928
1.76583362215935
2.11042422672183
3.88672403815573
0.341418227328785
5.67942143357273
-3.83349217556114
-2.80419039739512
-1.98230475555814
0.370559968330539
5.06293699772144
-2.54404981311333
1.55534207640348
1.84539759364746
-2.15269315503595
0.252993177036058
2.43248198546148
-0.673810465215908
2.55025964650222
1.09081532044172
4.57695909832269
0.515226760577085
1.03157546352904
-4.63066494621339
-2.10711187684896
2.47687749148868
-1.22435452517047
-3.70145180588866
6.55488726556857
0.197345159249809
0.625821710081806
0.519482537626513
-3.697285329089
-3.4518652699838
2.16009650255066
-2.83819716875267
4.60603511131404
3.77246128663928
5.02444364740423
4.16087142911536
-1.0064736227915
5.03946723753761
-4.94847521176286
-2.32212253000966
-0.793809575884399
-3.86724656566606
0.332112488505411
0.54859443320957
1.27236623911403
0.600910539927107
-1.83387175080691
2.7291033543639
6.54085572122388
1.93723224623234
0.931736482226753
-0.603227306747203
0.773441473426178
-3.11466019931921
-1.18514028547492
7.45567532424832
1.40522900948201
-5.53535982415153
-0.420570112184378
-8.99162712516249
-1.77949617027561
-3.74365608103589
2.81410099279598
3.04756205282831
-0.66622583829266
4.13811664739646
-2.52318055797384
3.02741788596242
3.21685196733681
2.82712468136616
-3.11601286133589
1.193526149709
-3.52289792404794
-1.26610734400938
-0.969362861904285
1.33142006472241
1.52993963040245
1.24653233521313
-4.11055292135074
-3.30954790845916
0.0679504906397487
-1.12680854738591
1.77329181073891
5.8564767173142
3.53841459973486
1.16567424049954
0.880685664954686
3.57086701691226
4.35283586973699
-2.02097128252818
1.35913410639025
-5.26916350733211
0.611996990666548
0.214597646287771
-6.89485735536711
-2.21239077948453
-0.137555717474419
5.00511579746589
0.751927960694526
1.74086379541316
1.04992811342213
1.32616072073006
5.8082370255671
0.411051251447776
-4.91319662896754
-1.32701021679353
1.42436773082462
-4.69713522049291
2.08671238530032
2.76645496531653
-0.44966192899162
-1.33926257579941
0.314007167209785
0.498861931395981
0.970983422306398
2.7553697019555
2.97283372138371
2.02048124999928
0.0202756064406699
0.718519919186401
7.46651880530762
1.04249184759447
1.57234300159408
-0.834412524130147
3.30689000310344
-1.18224947413139
0.034953393442269
2.84919699984233
-4.63071280735217
-5.73679637311854
4.2118448047975
2.08591000892245
3.49412051183631
-1.13344504020673
-2.53323132878642
5.5905064477864
-0.580814127309794
-4.57578627949676
1.47010088302733
4.3310256330142
-1.41662466350686
-0.257301544734735
2.50364338662303
-0.839934353449422
-0.836443539733715
3.37097802081499
-3.32965887214453
4.89642494782176
-2.83188445725965
-2.69502520513413
3.37574985486304
4.39610519549126
-0.847516764748189
4.11872384371224
-1.2690070882012
2.84284170837844
5.68785415805798
-4.20112942578138
-2.1658313733833
3.70434941588131
2.86669916238054
-2.46896102289708
-0.678714861462023
-3.37667026309714
-0.969468313245697
2.3784806044287
3.52454247051802
-2.26673769124406
-3.62696842037143
-3.04290895048308
-2.69738099745758
-1.95813256048425
-1.52129056373623
4.23665186556004
2.12587752047039
-4.05509246670377
2.98389310037859
-3.17790512437582
2.66692345975689
4.45702803067449
4.43220849978679
3.91732559224325
2.42077275747601
-3.04996012333066
-2.37059601953144
-1.43875521830865
2.82670604972718
-3.04116635495827
-0.276680561107616
3.94400018454386
-1.1200265914186
3.93963641498529
-3.88862538309273
4.75896769361299
-1.37526415926508
2.78521676343828
0.0799777893660371
-3.48000131203604
-1.69752441665155
4.94413661068212
0.198945471459731
-0.566603868332348
-1.40068389296895
0.918027717069772
1.15294492988551
0.338762574752361
-0.19579095228185
-0.790638850542618
-0.121579034457356
-4.72166789982039
2.64752708540788
-4.10598525762806
-0.878497218520157
